Administrative,Administrative_Duration,Informational,Informational_Duration,ProductRelated,ProductRelated_Duration,ExitRates,PageValues,SpecialDay,Weekend,IsHolidaySeason,Month_Dec,Month_Feb,Month_Jul,Month_June,Month_Mar,Month_May,Month_Nov,Month_Oct,Month_Sep,VisitorType_Other,VisitorType_Returning_Visitor,OperatingSystems_2,OperatingSystems_3,OperatingSystems_4,OperatingSystems_5,OperatingSystems_6,OperatingSystems_7,OperatingSystems_8,Browser_2,Browser_3,Browser_4,Browser_5,Browser_6,Browser_7,Browser_8,Browser_9,Browser_10,Browser_11,Browser_12,Browser_13,TrafficType_2,TrafficType_3,TrafficType_4,TrafficType_5,TrafficType_6,TrafficType_7,TrafficType_8,TrafficType_9,TrafficType_10,TrafficType_11,TrafficType_12,TrafficType_13,TrafficType_14,TrafficType_15,TrafficType_16,TrafficType_17,TrafficType_18,TrafficType_19,TrafficType_20
-0.6994984116005257,-0.4580672247365286,-0.3978787630087615,-0.2430148108769126,-0.6047482318850211,-0.4935728453548144,-0.0318306771322322,-0.3152644161076689,-0.3118371666802689,0,1,True,False,False,False,False,False,False,False,False,False,True,True,False,False,False,False,False,False,True,False,False,False,False,False,False,False,False,False,False,False,False,True,False,False,False,False,False,False,False,False,False,False,False,False,False,False,False,False,False
0.4948536896266375,-0.1182214252581495,-0.3978787630087615,-0.2430148108769126,-0.4039226934750321,-0.5355360554402736,-0.669234184210007,-0.3152644161076689,-0.3118371666802689,0,0,False,False,False,False,True,False,False,False,False,False,True,True,False,False,False,False,False,False,True,False,False,False,False,False,False,False,False,False,False,False,True,False,False,False,False,False,False,False,False,False,False,False,False,False,False,False,False,False,False
0.7934417149334283,0.3943328952666189,-0.3978787630087615,-0.2430148108769126,-0.158469257640601,-0.0688272894134729,-0.4923547063906843,0.7045445719584619,-0.3118371666802689,0,1,False,False,False,False,False,False,True,False,False,False,True,False,False,False,False,False,False,False,False,False,False,False,False,False,False,False,False,False,False,False,False,False,True,False,False,False,False,False,False,False,False,False,False,False,False,False,False,False,False
-0.6994984116005257,-0.4580672247365286,-0.3978787630087615,-0.2430148108769126,-0.4485505908994741,-0.5462647937106557,1.0878748129945768,-0.3152644161076689,-0.3118371666802689,0,1,False,False,False,False,False,False,True,False,False,False,True,False,False,True,False,False,False,False,True,False,False,False,False,False,False,False,False,False,False,False,False,False,False,False,False,False,False,False,False,False,False,False,False,False,False,False,False,False,False
-0.102322360986944,0.0433446105594405,-0.3978787630087615,-0.2430148108769126,-0.2254111037772641,-0.2889481197848584,0.0812391546577341,-0.3152644161076689,-0.3118371666802689,0,0,False,False,False,False,False,True,False,False,False,False,True,True,False,False,False,False,False,False,True,False,False,False,False,False,False,False,False,False,False,False,False,False,False,False,False,False,False,False,False,False,False,False,False,False,False,False,False,False,False
0.1962656643198467,-0.2612166523796448,-0.3978787630087615,-0.2430148108769126,-0.4262366421872531,-0.5480817574470641,-0.5423200682166137,-0.3152644161076689,3.6891852977956128,0,0,False,False,False,False,False,True,False,False,False,False,True,True,False,False,False,False,False,False,True,False,False,False,False,False,False,False,False,False,False,False,True,False,False,False,False,False,False,False,False,False,False,False,False,False,False,False,False,False,False
2.883557892080964,0.9654781174718652,-0.3978787630087615,-0.2430148108769126,0.1316120756182719,-0.3999429735933442,-0.6635024913059969,-0.3152644161076689,-0.3118371666802689,1,0,False,False,False,False,False,False,False,True,False,False,True,True,False,False,False,False,False,False,True,False,False,False,False,False,False,False,False,False,False,False,False,False,False,True,False,False,False,False,False,False,False,False,False,False,False,False,False,False,False
-0.102322360986944,-0.0313100404735148,-0.3978787630087615,-0.2430148108769126,0.1316120756182719,1.3837227394835778,-0.8401272180681935,-0.3152644161076689,-0.3118371666802689,0,0,False,False,False,False,False,False,False,False,False,False,False,True,False,False,False,False,False,False,True,False,False,False,False,False,False,False,False,False,False,False,True,False,False,False,False,False,False,False,False,False,False,False,False,False,False,False,False,False,False
-0.6994984116005257,-0.4580672247365286,-0.3978787630087615,-0.2430148108769126,-0.6940040267339052,-0.6267303306087386,3.435644366696113,-0.3152644161076689,-0.3118371666802689,0,0,False,False,False,False,False,True,False,False,False,False,True,False,False,False,False,False,False,False,False,False,False,False,False,False,False,False,False,False,False,False,False,False,False,False,False,False,False,False,False,False,False,False,False,False,False,False,False,False,False
0.4948536896266375,0.6673237833722021,-0.3978787630087615,-0.2430148108769126,-0.091527411503938,-0.2555679002845569,-0.5308623603989776,-0.3152644161076689,-0.3118371666802689,1,0,False,False,False,False,False,True,False,False,False,False,True,False,False,False,False,False,False,False,False,False,False,False,False,False,False,False,False,False,False,False,False,False,True,False,False,False,False,False,False,False,False,False,False,False,False,False,False,False,False
0.1962656643198467,-0.3689273429061341,-0.3978787630087615,-0.2430148108769126,-0.069213462791717,-0.4070507626513994,-0.2510388797712711,-0.3152644161076689,-0.3118371666802689,1,1,True,False,False,False,False,False,False,False,False,False,True,False,True,False,False,False,False,False,True,False,False,False,False,False,False,False,False,False,False,False,False,False,False,False,False,False,False,False,False,False,False,False,False,False,False,False,False,False,False
0.1962656643198467,-0.1633484904347867,-0.3978787630087615,-0.2430148108769126,-0.5378063857483582,-0.4821103998405585,-0.6819822478500469,1.0730199053723226,-0.3118371666802689,0,0,False,False,True,False,False,False,False,False,False,False,False,False,False,False,False,False,False,False,False,False,False,False,False,False,False,False,False,False,False,False,True,False,False,False,False,False,False,False,False,False,False,False,False,False,False,False,False,False,False
0.1962656643198467,0.0656295810170391,1.1613780068156605,0.6261213839344687,0.510949203726029,0.3963992524694707,-0.8613344037948427,4.78864114705171,-0.3118371666802689,1,0,False,False,False,False,True,False,False,False,False,False,False,True,False,False,False,False,False,False,False,False,True,False,False,False,False,False,False,False,False,False,True,False,False,False,False,False,False,False,False,False,False,False,False,False,False,False,False,False,False
0.1962656643198467,-0.0067965729701563,-0.3978787630087615,-0.2430148108769126,-0.2923529499139271,-0.3941416679492405,-0.6200630475428666,-0.3152644161076689,-0.3118371666802689,1,0,False,False,False,False,False,True,False,False,False,False,True,False,True,False,False,False,False,False,True,False,False,False,False,False,False,False,False,False,False,False,False,False,True,False,False,False,False,False,False,False,False,False,False,False,False,False,False,False,False
1.39061776554701,0.7475496770195571,-0.3978787630087615,-0.2430148108769126,0.1092981269060509,-0.1983395991507871,-0.7984515921729826,-0.3152644161076689,-0.3118371666802689,0,0,False,False,False,False,False,False,False,False,True,False,True,True,False,False,False,False,False,False,True,False,False,False,False,False,False,False,False,False,False,False,False,False,False,False,False,False,False,False,False,False,False,False,False,False,False,False,False,False,False
-0.6994984116005257,-0.4580672247365286,-0.3978787630087615,-0.2430148108769126,-0.3816087447628111,-0.4302386808285814,-0.0799900479250217,-0.3152644161076689,-0.3118371666802689,0,1,False,False,False,False,False,False,True,False,False,False,True,True,False,False,False,False,False,False,True,False,False,False,False,False,False,False,False,False,False,False,True,False,False,False,False,False,False,False,False,False,False,False,False,False,False,False,False,False,False
-0.102322360986944,3.6535098246904174,-0.3978787630087615,-0.2430148108769126,-0.13615530892838,0.3288195507497112,0.011512760915622,-0.3152644161076689,-0.3118371666802689,0,0,False,False,False,False,False,True,False,False,False,False,True,True,False,False,False,False,False,False,True,False,False,False,False,False,False,False,False,False,False,False,False,False,False,False,False,False,False,False,False,False,False,True,False,False,False,False,False,False,False
-0.4009103862937349,-0.4302110116645303,-0.3978787630087615,-0.2430148108769126,-0.5601203344605792,0.0236215562827246,-0.4343054682930447,-0.3152644161076689,-0.3118371666802689,0,0,False,False,False,False,False,False,False,False,True,False,True,False,False,False,False,False,False,False,True,False,False,False,False,False,False,False,False,False,False,False,False,False,True,False,False,False,False,False,False,False,False,False,False,False,False,False,False,False,False
-0.6994984116005257,-0.4580672247365286,-0.3978787630087615,-0.2430148108769126,-0.5601203344605792,-0.5543113474004641,-0.2795074566892345,-0.3152644161076689,-0.3118371666802689,0,0,False,False,False,False,False,True,False,False,False,False,True,False,True,False,False,False,False,False,True,False,False,False,False,False,False,False,False,False,False,False,True,False,False,False,False,False,False,False,False,False,False,False,False,False,False,False,False,False,False
-0.4009103862937349,-0.3299286446053365,1.1613780068156605,1.651702093811899,-0.046899514079496,-0.1209551960034837,-0.7278113237113505,0.2933607578563902,-0.3118371666802689,1,0,False,False,False,False,False,True,False,False,False,False,True,True,False,False,False,False,False,False,True,False,False,False,False,False,False,False,False,False,False,False,False,False,False,False,False,False,False,False,False,False,False,False,False,False,False,False,False,False,False
-0.6994984116005257,-0.4580672247365286,-0.3978787630087615,-0.2430148108769126,-0.3816087447628111,-0.3090212429853404,-0.6097431916608628,-0.3152644161076689,-0.3118371666802689,1,1,False,False,False,False,False,False,True,False,False,False,True,False,False,False,False,False,False,False,True,False,False,False,False,False,False,False,False,False,False,False,True,False,False,False,False,False,False,False,False,False,False,False,False,False,False,False,False,False,False
-0.6994984116005257,-0.4580672247365286,-0.3978787630087615,-0.2430148108769126,-0.5601203344605792,-0.5973344530161325,0.5460818373963982,-0.3152644161076689,-0.3118371666802689,0,1,True,False,False,False,False,False,False,False,False,False,True,False,True,False,False,False,False,False,True,False,False,False,False,False,False,False,False,False,False,False,False,False,False,False,False,False,False,False,False,False,False,False,False,False,False,False,False,False,True
-0.102322360986944,-0.2352175201605423,1.1613780068156605,0.8833856975986376,-0.3369808473383691,-0.3766815116285745,-0.1002676902792967,1.4157404267534317,-0.3118371666802689,0,0,False,False,False,False,True,False,False,False,False,False,True,True,False,False,False,False,False,False,False,False,False,False,False,True,False,False,False,False,False,False,True,False,False,False,False,False,False,False,False,False,False,False,False,False,False,False,False,False,False
1.092029740240219,-0.0894366717318471,1.1613780068156605,0.5913559361420135,3.835727561846959,4.11992427468233,-0.5652883845180233,-0.3152644161076689,1.6886740655576715,0,0,False,False,False,False,False,True,False,False,False,False,True,True,False,False,False,False,False,False,True,False,False,False,False,False,False,False,False,False,False,False,False,False,True,False,False,False,False,False,False,False,False,False,False,False,False,False,False,False,False
-0.4009103862937349,-0.3566706091544548,-0.3978787630087615,-0.2430148108769126,-0.2254111037772641,-0.3023971123348918,-0.5539220880112301,-0.3152644161076689,-0.3118371666802689,0,0,False,False,False,False,False,False,False,True,False,False,True,True,False,False,False,False,False,False,True,False,False,False,False,False,False,False,False,False,False,False,False,True,False,False,False,False,False,False,False,False,False,False,False,False,False,False,False,False,False
3.182145917387755,1.630452350336543,0.3817496219034494,0.125498935723113,1.2473095112293222,2.4662984229739227,-0.691867585765621,-0.3152644161076689,-0.3118371666802689,0,0,False,False,False,False,True,False,False,False,False,False,True,True,False,False,False,False,False,False,True,False,False,False,False,False,False,False,False,False,False,False,True,False,False,False,False,False,False,False,False,False,False,False,False,False,False,False,False,False,False
-0.6994984116005257,-0.4580672247365286,1.1613780068156605,3.226576878810122,-0.4485505908994741,-0.2347852960406575,-0.5652883845180233,3.475370479407412,-0.3118371666802689,0,0,False,False,False,False,False,True,False,False,False,False,False,True,False,False,False,False,False,False,False,False,False,True,False,False,False,False,False,False,False,False,True,False,False,False,False,False,False,False,False,False,False,False,False,False,False,False,False,False,False
-0.6994984116005257,-0.4580672247365286,-0.3978787630087615,-0.2430148108769126,-0.158469257640601,0.0114132902426702,-0.0722845598674693,-0.3152644161076689,4.689440913914583,1,0,False,False,False,False,False,True,False,False,False,False,True,False,True,False,False,False,False,False,True,False,False,False,False,False,False,False,False,False,False,False,False,False,True,False,False,False,False,False,False,False,False,False,False,False,False,False,False,False,False
-0.6994984116005257,-0.4580672247365286,-0.3978787630087615,-0.2430148108769126,-0.4708645396116951,-0.4712501480217979,0.6774255877431251,-0.3152644161076689,-0.3118371666802689,0,0,False,False,False,False,True,False,False,False,False,False,True,False,False,False,False,False,False,False,False,False,False,False,False,False,False,False,False,False,False,False,False,False,False,False,False,False,False,False,False,False,False,False,False,False,False,False,False,False,False
-0.6994984116005257,-0.4580672247365286,-0.3978787630087615,-0.2430148108769126,-0.5378063857483582,-0.5654726960669724,-0.627802950290229,-0.3152644161076689,0.6884184494387015,0,0,False,False,False,False,False,True,False,False,False,False,True,True,False,False,False,False,False,False,True,False,False,False,False,False,False,False,False,False,False,False,True,False,False,False,False,False,False,False,False,False,False,False,False,False,False,False,False,False,False
-0.6994984116005257,-0.4580672247365286,-0.3978787630087615,-0.2430148108769126,-0.5378063857483582,-0.5258109733636592,-0.3569064624911395,-0.3152644161076689,-0.3118371666802689,0,0,False,False,False,False,False,False,False,False,False,False,True,True,False,False,False,False,False,False,False,False,False,False,False,False,False,False,True,False,False,False,False,False,True,False,False,False,False,False,False,False,False,False,False,False,False,False,False,False,False
-0.4009103862937349,-0.385641070749333,-0.3978787630087615,-0.2430148108769126,-0.091527411503938,-0.3090523909351074,-0.7492393009114156,-0.3152644161076689,-0.3118371666802689,0,0,False,False,False,False,False,False,False,False,True,False,True,False,True,False,False,False,False,False,True,False,False,False,False,False,False,False,False,False,False,False,False,False,False,False,False,False,False,False,False,False,False,False,False,False,False,False,False,False,False
-0.6994984116005257,-0.4580672247365286,-0.3978787630087615,-0.2430148108769126,0.153926024330493,-0.2084176913247609,-0.5986294790392934,-0.3152644161076689,-0.3118371666802689,0,1,True,False,False,False,False,False,False,False,False,False,True,True,False,False,False,False,False,False,True,False,False,False,False,False,False,False,False,False,False,False,False,False,False,False,False,False,False,False,False,False,False,False,False,False,False,False,False,False,False
3.182145917387755,1.2007702637009694,1.9410063917278717,2.207949258491183,0.198553921754935,0.6308032496718646,-0.5511341297173971,3.525768408905348,-0.3118371666802689,0,1,True,False,False,False,False,False,False,False,False,False,True,True,False,False,False,False,False,False,True,False,False,False,False,False,False,False,False,False,False,False,False,False,False,False,False,False,True,False,False,False,False,False,False,False,False,False,False,False,False
-0.6994984116005257,-0.4580672247365286,-0.3978787630087615,-0.2430148108769126,-0.6716900780216841,-0.6051863320198971,1.268472464303397,-0.3152644161076689,-0.3118371666802689,1,1,True,False,False,False,False,False,False,False,False,False,True,False,False,False,False,False,False,False,False,False,False,False,False,False,False,False,False,False,False,False,False,False,False,False,False,False,False,False,False,False,False,False,False,False,False,False,False,False,False
-0.6994984116005257,-0.4580672247365286,-0.3978787630087615,-0.2430148108769126,-0.091527411503938,-0.4494682137228739,-0.7381681948894473,-0.3152644161076689,-0.3118371666802689,0,1,True,False,False,False,False,False,False,False,False,False,False,True,False,False,False,False,False,False,False,False,True,False,False,False,False,False,False,False,False,False,False,False,False,False,False,False,False,False,True,False,False,False,False,False,False,False,False,False,False
1.6892057908538007,1.993859863557362,5.059519931376715,1.9472084000477683,0.6894607934237971,0.4957508098492431,-0.4114826775848806,0.3253767752571054,0.6884184494387015,0,0,False,False,False,False,False,True,False,False,False,False,True,False,False,False,False,False,False,False,False,False,False,False,False,False,False,False,False,False,False,False,True,False,False,False,False,False,False,False,False,False,False,False,False,False,False,False,False,False,False
1.6892057908538007,0.7898911208889947,-0.3978787630087615,-0.2430148108769126,-0.3592947960505901,-0.4630738112079604,-0.6579025624536522,-0.3152644161076689,-0.3118371666802689,0,0,False,False,False,False,False,True,False,False,False,False,False,False,True,False,False,False,False,False,True,False,False,False,False,False,False,False,False,False,False,False,False,False,False,True,False,False,False,False,False,False,False,False,False,False,False,False,False,False,False
-0.6994984116005257,-0.4580672247365286,-0.3978787630087615,-0.2430148108769126,-0.6940040267339052,-0.6267303306087386,3.435644366696113,-0.3152644161076689,-0.3118371666802689,0,0,False,False,False,False,False,True,False,False,False,False,True,False,True,False,False,False,False,False,False,True,False,False,False,False,False,False,False,False,False,False,False,True,False,False,False,False,False,False,False,False,False,False,False,False,False,False,False,False,False
0.4948536896266375,-0.0658517446827927,0.3817496219034494,4.245204499129061,1.1134258189559962,5.217200400225875,-0.4782304669209061,-0.3152644161076689,-0.3118371666802689,1,1,False,False,False,False,False,False,True,False,False,False,True,True,False,False,False,False,False,False,False,False,False,True,False,False,False,False,False,False,False,False,True,False,False,False,False,False,False,False,False,False,False,False,False,False,False,False,False,False,False
-0.6994984116005257,-0.4580672247365286,-0.3978787630087615,-0.2430148108769126,-0.6270621805972422,-0.5300419032070101,0.5460818373963982,-0.3152644161076689,-0.3118371666802689,0,1,False,False,False,False,False,False,True,False,False,False,True,False,True,False,False,False,False,False,True,False,False,False,False,False,False,False,False,False,False,False,True,False,False,False,False,False,False,False,False,False,False,False,False,False,False,False,False,False,False
0.4948536896266375,0.0753792555922385,8.95766185593777,5.919160810335781,2.720030126235909,3.442519122062745,-0.5752207067204413,-0.3152644161076689,-0.3118371666802689,1,1,False,False,False,False,False,False,True,False,False,False,True,False,True,False,False,False,False,False,True,False,False,False,False,False,False,False,False,False,False,False,True,False,False,False,False,False,False,False,False,False,False,False,False,False,False,False,False,False,False
-0.6994984116005257,-0.4580672247365286,-0.3978787630087615,-0.2430148108769126,-0.6493761293094632,-0.6132328857097054,0.1848865131070393,-0.3152644161076689,-0.3118371666802689,0,0,False,False,False,False,True,False,False,False,False,False,True,False,True,False,False,False,False,False,True,False,False,False,False,False,False,False,False,False,False,False,False,False,False,False,False,False,False,False,False,False,False,False,False,False,False,False,False,False,False
-0.6994984116005257,-0.4580672247365286,-0.3978787630087615,-0.2430148108769126,0.153926024330493,0.0725238374169143,-0.7875624202322201,3.2388647795640866,-0.3118371666802689,0,1,True,False,False,False,False,False,False,False,False,False,False,False,False,False,False,False,False,False,False,False,False,False,False,False,False,False,False,False,False,False,True,False,False,False,False,False,False,False,False,False,False,False,False,False,False,False,False,False,False
0.7934417149334283,3.5782980493960226,-0.3978787630087615,-0.2430148108769126,-0.203097155065043,-0.1764694123275233,-0.8807889325888699,2.8655856022472808,-0.3118371666802689,0,0,False,False,False,False,False,True,False,False,False,False,True,False,False,False,False,False,False,False,False,False,False,False,False,False,False,False,False,False,False,False,True,False,False,False,False,False,False,False,False,False,False,False,False,False,False,False,False,False,False
1.6892057908538007,4.495696000086207,-0.3978787630087615,-0.2430148108769126,2.3406929981281515,2.2742783183534034,-0.3282996200058036,0.0505127868360624,-0.3118371666802689,0,1,False,False,False,False,False,False,True,False,False,False,True,True,False,False,False,False,False,False,True,False,False,False,False,False,False,False,False,False,False,False,False,True,False,False,False,False,False,False,False,False,False,False,False,False,False,False,False,False,False
-0.4009103862937349,-0.419068526435731,0.3817496219034494,0.4314348762967193,0.466321306301587,0.5400761754245276,-0.5356562096622274,1.4180989887581563,-0.3118371666802689,0,0,False,False,False,False,False,True,False,False,False,False,True,False,False,False,False,False,False,False,False,False,False,False,False,False,False,False,False,False,False,False,False,False,True,False,False,False,False,False,False,False,False,False,False,False,False,False,False,False,False
-0.102322360986944,-0.3967835559781323,-0.3978787630087615,-0.2430148108769126,-0.4039226934750321,-0.5741681653769264,-0.589103458225136,-0.3152644161076689,3.6891852977956128,0,0,False,False,False,False,False,True,False,False,False,False,True,True,False,False,False,False,False,False,True,False,False,False,False,False,False,False,False,False,False,False,True,False,False,False,False,False,False,False,False,False,False,False,False,False,False,False,False,False,False
-0.6994984116005257,-0.4580672247365286,-0.3978787630087615,-0.2430148108769126,-0.5601203344605792,-0.5007109171764185,0.1332871903535818,-0.3152644161076689,-0.3118371666802689,1,1,False,False,False,False,False,False,True,False,False,False,True,False,True,False,False,False,False,False,True,False,False,False,False,False,False,False,False,False,False,False,False,False,False,False,False,False,False,False,False,True,False,False,False,False,False,False,False,False,False
0.1962656643198467,-0.2502598752194214,-0.3978787630087615,-0.2430148108769126,-0.2923529499139271,-0.4617500233428629,0.0863786895111344,-0.3152644161076689,-0.3118371666802689,0,0,False,False,True,False,False,False,False,False,False,False,True,True,False,False,False,False,False,False,True,False,False,False,False,False,False,False,False,False,False,False,False,False,True,False,False,False,False,False,False,False,False,False,False,False,False,False,False,False,False
0.4948536896266375,0.8946304820397083,-0.3978787630087615,-0.2430148108769126,-0.5601203344605792,-0.5028653170353027,0.4804099622230346,-0.3152644161076689,-0.3118371666802689,1,0,False,False,False,False,False,False,False,True,False,False,True,True,False,False,False,False,False,False,True,False,False,False,False,False,False,False,False,False,False,False,True,False,False,False,False,False,False,False,False,False,False,False,False,False,False,False,False,False,False
-0.6994984116005257,-0.4580672247365286,-0.3978787630087615,-0.2430148108769126,-0.046899514079496,-0.1146061231896498,-0.3930260014215911,-0.3152644161076689,-0.3118371666802689,0,0,False,False,False,False,False,True,False,False,False,False,True,True,False,False,False,False,False,False,False,False,True,False,False,False,False,False,False,False,False,False,False,True,False,False,False,False,False,False,False,False,False,False,False,False,False,False,False,False,False
0.1962656643198467,-0.2742162184613399,-0.3978787630087615,-0.2430148108769126,-0.5378063857483582,-0.5319453890434088,-0.2214582185915948,-0.3152644161076689,-0.3118371666802689,0,0,False,False,False,False,True,False,False,False,False,False,True,True,False,False,False,False,False,False,False,False,True,False,False,False,False,False,False,False,False,False,False,True,False,False,False,False,False,False,False,False,False,False,False,False,False,False,False,False,False
1.6892057908538007,1.0712388729161773,-0.3978787630087615,-0.2430148108769126,-0.180783206352822,-0.3590782006286107,-0.8184338056535233,-0.3152644161076689,-0.3118371666802689,1,0,False,False,False,False,True,False,False,False,False,False,True,False,True,False,False,False,False,False,True,False,False,False,False,False,False,False,False,False,False,False,True,False,False,False,False,False,False,False,False,False,False,False,False,False,False,False,False,False,False
-0.102322360986944,0.3051930134362244,-0.3978787630087615,-0.2430148108769126,-0.5824342831728001,-0.5304831658287092,-0.2795074566892345,2.0652010279991804,-0.3118371666802689,0,0,False,False,False,False,False,False,False,True,False,False,True,True,False,False,False,False,False,False,True,False,False,False,False,False,False,False,False,False,False,False,False,False,True,False,False,False,False,False,False,False,False,False,False,False,False,False,False,False,False
0.4948536896266375,0.0489158531738402,-0.3978787630087615,-0.2430148108769126,-0.6716900780216841,-0.6153094156941721,-0.4171056868179859,-0.3152644161076689,-0.3118371666802689,0,1,True,False,False,False,False,False,False,False,False,False,False,False,False,False,False,False,False,False,False,False,False,False,False,False,False,False,False,False,False,False,True,False,False,False,False,False,False,False,False,False,False,False,False,False,False,False,False,False,False
0.1962656643198467,0.3776191674234199,-0.3978787630087615,-0.2430148108769126,-0.4485505908994741,-0.4858723800130549,-0.589103458225136,-0.3152644161076689,-0.3118371666802689,0,0,False,False,False,False,True,False,False,False,False,False,False,False,False,False,False,False,False,False,False,False,False,False,False,False,False,False,False,False,False,False,True,False,False,False,False,False,False,False,False,False,False,False,False,False,False,False,False,False,False
-0.6994984116005257,-0.4580672247365286,-0.3978787630087615,-0.2430148108769126,-0.6493761293094632,-0.5943364628510588,0.1848865131070393,0.9462270458189144,-0.3118371666802689,0,0,False,False,False,False,False,False,False,False,False,False,False,False,False,False,False,False,False,False,False,False,False,False,False,False,False,False,False,False,False,False,False,True,False,False,False,False,False,False,False,False,False,False,False,False,False,False,False,False,False
-0.6994984116005257,-0.4580672247365286,-0.3978787630087615,-0.2430148108769126,-0.4931784883239161,-0.5371799750286141,0.0404083790569519,-0.3152644161076689,-0.3118371666802689,0,0,False,False,False,False,True,False,False,False,False,False,True,True,False,False,False,False,False,False,True,False,False,False,False,False,False,False,False,False,False,False,False,False,False,False,True,False,False,False,False,False,False,False,False,False,False,False,False,False,False
-0.4009103862937349,-0.207361307088544,-0.3978787630087615,-0.2430148108769126,-0.4262366421872531,0.2095488597669077,-0.7439014481572271,-0.3152644161076689,-0.3118371666802689,1,0,False,False,False,False,True,False,False,False,False,False,False,False,False,False,False,False,False,False,False,False,False,False,False,False,False,False,False,False,False,False,False,True,False,False,False,False,False,False,False,False,False,False,False,False,False,False,False,False,False
-0.6994984116005257,-0.4580672247365286,-0.3978787630087615,-0.2430148108769126,-0.6940040267339052,-0.6267303306087386,3.435644366696113,-0.3152644161076689,-0.3118371666802689,0,0,False,False,False,True,False,False,False,False,False,False,True,False,False,False,False,False,False,False,False,False,False,False,False,False,False,False,False,False,False,False,False,False,False,True,False,False,False,False,False,False,False,False,False,False,False,False,False,False,False
1.092029740240219,0.0363805572914409,-0.3978787630087615,-0.2430148108769126,-0.2254111037772641,-0.2335523563623804,0.0163286936605571,1.1681740580156077,-0.3118371666802689,0,1,False,False,False,False,False,False,True,False,False,False,True,True,False,False,False,False,False,False,True,False,False,False,False,False,False,False,False,False,False,False,True,False,False,False,False,False,False,False,False,False,False,False,False,False,False,False,False,False,False
-0.6994984116005257,-0.4580672247365286,-0.3978787630087615,-0.2430148108769126,0.198553921754935,-0.2904276473987908,-0.3207869235606879,-0.3152644161076689,1.6886740655576715,0,0,False,False,False,False,False,True,False,False,False,False,True,True,False,False,False,False,False,False,True,False,False,False,False,False,False,False,False,False,False,False,False,False,False,False,False,False,False,False,False,False,False,False,False,False,False,False,False,False,False
0.1962656643198467,4.416770062863171,-0.3978787630087615,-0.2430148108769126,0.0423562807693879,-0.2213960037276775,-0.5589805923072001,-0.3152644161076689,-0.3118371666802689,1,1,True,False,False,False,False,False,False,False,False,False,True,False,False,True,False,False,False,False,True,False,False,False,False,False,False,False,False,False,False,False,True,False,False,False,False,False,False,False,False,False,False,False,False,False,False,False,False,False,False
0.4948536896266375,1.0528537722886584,-0.3978787630087615,-0.2430148108769126,-0.6270621805972422,-0.5516637716702691,-0.589103458225136,-0.3152644161076689,-0.3118371666802689,0,0,False,False,False,False,False,False,False,True,False,False,True,False,True,False,False,False,False,False,True,False,False,False,False,False,False,False,False,False,False,False,True,False,False,False,False,False,False,False,False,False,False,False,False,False,False,False,False,False,False
-0.6994984116005257,-0.4580672247365286,-0.3978787630087615,-0.2430148108769126,-0.6493761293094632,-0.6132328857097054,1.990863091210396,-0.3152644161076689,-0.3118371666802689,0,0,False,False,False,False,False,True,False,False,False,False,True,False,True,False,False,False,False,False,False,True,False,False,False,False,False,False,False,False,False,False,False,True,False,False,False,False,False,False,False,False,False,False,False,False,False,False,False,False,False
-0.6994984116005257,-0.4580672247365286,-0.3978787630087615,-0.2430148108769126,1.2919374086537645,-0.3143214839688091,-0.6220917371606964,-0.3152644161076689,3.6891852977956128,0,0,False,False,False,False,False,True,False,False,False,False,True,True,False,False,False,False,False,False,True,False,False,False,False,False,False,False,False,False,False,False,False,False,False,False,False,False,False,False,False,False,False,False,False,False,False,False,False,False,False
0.1962656643198467,0.0851289301674379,-0.3978787630087615,-0.2430148108769126,-0.6047482318850211,-0.5460917495625879,-0.2795074566892345,-0.3152644161076689,-0.3118371666802689,0,1,True,False,False,False,False,False,False,False,False,False,False,False,True,False,False,False,False,False,True,False,False,False,False,False,False,False,False,False,False,False,True,False,False,False,False,False,False,False,False,False,False,False,False,False,False,False,False,False,False
-0.102322360986944,0.0099171548730426,-0.3978787630087615,-0.2430148108769126,-0.158469257640601,-0.3636512859760463,-0.066379796615334,-0.3152644161076689,-0.3118371666802689,0,0,False,False,False,False,False,True,False,False,False,False,True,False,True,False,False,False,False,False,True,False,False,False,False,False,False,False,False,False,False,False,False,True,False,False,False,False,False,False,False,False,False,False,False,False,False,False,False,False,False
-0.102322360986944,0.0600583384026395,1.9410063917278717,5.378558097163102,0.0200423320571669,0.0535783850896721,0.0616214378194566,-0.3152644161076689,1.6886740655576715,0,0,False,False,False,False,False,True,False,False,False,False,True,True,False,False,False,False,False,False,True,False,False,False,False,False,False,False,False,False,False,False,False,False,True,False,False,False,False,False,False,False,False,False,False,False,False,False,False,False,False
-0.102322360986944,-0.0402240286565543,-0.3978787630087615,-0.2430148108769126,-0.069213462791717,0.0372864831885225,-0.5916834113597774,1.5729012407712932,-0.3118371666802689,0,1,False,False,False,False,False,False,True,False,False,False,True,True,False,False,False,False,False,False,True,False,False,False,False,False,False,False,False,False,False,False,False,False,False,False,False,False,False,False,False,True,False,False,False,False,False,False,False,False,False
1.39061776554701,0.4723767187042927,-0.3978787630087615,-0.2430148108769126,0.176239973042714,-0.1189711622438597,-0.5506384975033198,-0.3152644161076689,-0.3118371666802689,0,1,True,False,False,False,False,False,False,False,False,False,True,False,True,False,False,False,False,False,True,False,False,False,False,False,False,False,False,False,False,False,True,False,False,False,False,False,False,False,False,False,False,False,False,False,False,False,False,False,False
2.2863818414673824,2.4145397502970853,1.9410063917278717,0.3489712341330154,0.399379460164924,0.1823999604886157,-0.6412656822085209,0.3277070140799054,-0.3118371666802689,1,0,False,False,False,False,False,False,False,False,False,False,True,False,True,False,False,False,False,False,True,False,False,False,False,False,False,False,False,False,False,False,False,False,True,False,False,False,False,False,False,False,False,False,False,False,False,False,False,False,False
-0.6994984116005257,-0.4580672247365286,-0.3978787630087615,-0.2430148108769126,-0.3146668986261481,-0.4468163118539358,0.465816204960603,-0.3152644161076689,-0.3118371666802689,0,1,False,False,False,False,False,False,True,False,False,False,True,True,False,False,False,False,False,False,True,False,False,False,False,False,False,False,False,False,False,False,True,False,False,False,False,False,False,False,False,False,False,False,False,False,False,False,False,False,False
-0.6994984116005257,-0.4580672247365286,-0.3978787630087615,-0.2430148108769126,0.8456584344093441,0.1383160154041203,-0.1971744506171517,-0.3152644161076689,-0.3118371666802689,0,1,False,False,False,False,False,False,True,False,False,False,True,False,False,False,False,False,False,False,False,False,False,False,False,False,False,False,False,False,False,False,True,False,False,False,False,False,False,False,False,False,False,False,False,False,False,False,False,False,False
0.4948536896266375,0.4277603509530169,1.1613780068156605,-0.0500665756287859,0.0200423320571669,-0.200168222758798,-0.4794939714834391,-0.3152644161076689,-0.3118371666802689,0,1,True,False,False,False,False,False,False,False,False,False,True,True,False,False,False,False,False,False,True,False,False,False,False,False,False,False,False,False,False,False,True,False,False,False,False,False,False,False,False,False,False,False,False,False,False,False,False,False,False
-0.6994984116005257,-0.4580672247365286,-0.3978787630087615,-0.2430148108769126,-0.5824342831728001,-0.4554166068902396,1.268472464303397,-0.3152644161076689,-0.3118371666802689,0,0,False,False,False,False,True,False,False,False,False,False,True,False,True,False,False,False,False,False,True,False,False,False,False,False,False,False,False,False,False,False,False,False,False,False,False,False,False,False,True,False,False,False,False,False,False,False,False,False,False
-0.102322360986944,-0.3522136150629351,-0.3978787630087615,-0.2430148108769126,-0.4708645396116951,-0.2846652766918959,-0.5652883845180233,-0.3152644161076689,-0.3118371666802689,0,1,True,False,False,False,False,False,False,False,False,False,True,True,False,False,False,False,False,False,True,False,False,False,False,False,False,False,False,False,False,False,True,False,False,False,False,False,False,False,False,False,False,False,False,False,False,False,False,False,False
-0.6994984116005257,-0.4580672247365286,-0.3978787630087615,-0.2430148108769126,-0.2923529499139271,-0.2649598723774386,-0.1382882507308081,-0.3152644161076689,-0.3118371666802689,0,1,True,False,False,False,False,False,False,False,False,False,True,False,False,False,False,False,False,False,True,False,False,False,False,False,False,False,False,False,False,False,True,False,False,False,False,False,False,False,False,False,False,False,False,False,False,False,False,False,False
-0.6994984116005257,-0.4580672247365286,-0.3978787630087615,-0.2430148108769126,-0.3592947960505901,-0.363097544681464,-0.6819822478500469,-0.3152644161076689,-0.3118371666802689,0,0,False,False,False,False,False,True,False,False,False,False,True,True,False,False,False,False,False,False,False,False,True,False,False,False,False,False,False,False,False,False,False,False,True,False,False,False,False,False,False,False,False,False,False,False,False,False,False,False,False
0.7934417149334283,-0.2101469283957438,0.3817496219034494,-0.2152024526429484,0.1092981269060509,-0.1925625197071399,0.0855578081379461,-0.3152644161076689,-0.3118371666802689,0,0,False,False,False,False,True,False,False,False,False,False,True,True,False,False,False,False,False,False,True,False,False,False,False,False,False,False,False,False,False,False,False,False,False,False,False,False,False,False,False,False,False,False,False,False,False,False,False,False,False
0.1962656643198467,0.7375214403136378,-0.3978787630087615,-0.2430148108769126,0.600204998574913,0.4077622986464302,-0.1546703799188133,0.3836435543966168,-0.3118371666802689,1,0,False,False,False,False,False,False,False,False,False,False,True,True,False,False,False,False,False,False,True,False,False,False,False,False,False,False,False,False,False,False,True,False,False,False,False,False,False,False,False,False,False,False,False,False,False,False,False,False,False
0.1962656643198467,0.0591297979483354,-0.3978787630087615,-0.2430148108769126,-0.180783206352822,-0.3859480266842569,-0.5663997536130084,0.630819842688026,-0.3118371666802689,0,0,False,False,False,False,True,False,False,False,False,False,True,False,False,False,False,False,False,False,False,False,False,False,False,False,False,False,False,False,False,False,True,False,False,False,False,False,False,False,False,False,False,False,False,False,False,False,False,False,False
-0.4009103862937349,-0.3809983685892374,0.3817496219034494,-0.2430148108769126,3.746471766998075,3.700778705841364,-0.5173310808334131,-0.1174651387170257,-0.3118371666802689,0,1,False,False,False,False,False,False,True,False,False,False,True,True,False,False,False,False,False,False,False,False,False,True,False,False,False,False,False,False,False,False,False,False,False,False,False,False,False,False,False,False,False,False,False,False,False,False,False,False,False
-0.6994984116005257,-0.4580672247365286,-0.3978787630087615,-0.2430148108769126,-0.6493761293094632,-0.5641748648266807,0.5460818373963982,-0.3152644161076689,-0.3118371666802689,1,1,False,False,False,False,False,False,True,False,False,True,False,True,False,False,False,False,False,False,True,False,False,False,False,False,False,False,False,False,False,False,False,False,False,False,False,False,False,False,False,False,False,False,False,False,False,False,False,False,False
-0.6994984116005257,-0.4580672247365286,-0.3978787630087615,-0.2430148108769126,-0.6493761293094632,-0.6061380749277139,-0.1763088111823196,-0.3152644161076689,-0.3118371666802689,0,0,False,False,False,False,True,False,False,False,False,False,True,True,False,False,False,False,False,False,False,False,True,False,False,False,False,False,False,False,False,False,False,False,False,False,False,False,False,False,True,False,False,False,False,False,False,False,False,False,False
0.1962656643198467,-0.207361307088544,-0.3978787630087615,-0.2430148108769126,-0.4931784883239161,-0.3259795712091225,-0.4171056868179859,-0.3152644161076689,-0.3118371666802689,0,0,False,False,False,False,False,True,False,False,False,False,False,False,False,False,False,False,False,False,False,False,False,False,False,False,False,False,False,False,False,False,False,False,False,True,False,False,False,False,False,False,False,False,False,False,False,False,False,False,False
-0.4009103862937349,-0.3522136150629351,-0.3978787630087615,-0.2430148108769126,0.287809716603819,1.4593776484112686,-0.4225783376645031,-0.3152644161076689,-0.3118371666802689,1,1,False,False,False,False,False,False,True,False,False,False,True,True,False,False,False,False,False,False,True,False,False,False,False,False,False,False,False,False,False,False,False,False,False,False,False,False,False,False,False,False,False,False,False,False,False,False,False,False,False
-0.6994984116005257,-0.4580672247365286,-0.3978787630087615,-0.2430148108769126,-0.4485505908994741,-0.2942908584080301,0.0015104390607567,-0.3152644161076689,-0.3118371666802689,1,1,True,False,False,False,False,False,False,False,False,False,True,False,False,False,False,False,False,False,False,False,False,False,False,False,False,False,False,False,False,False,False,False,False,False,False,False,False,False,False,False,False,False,False,False,False,False,False,False,False
-0.6994984116005257,-0.4580672247365286,-0.3978787630087615,-0.2430148108769126,-0.3369808473383691,-0.1412116636156289,-0.6862315951728205,-0.3152644161076689,-0.3118371666802689,0,1,False,False,False,False,False,False,True,False,False,False,False,True,False,False,False,False,False,False,True,False,False,False,False,False,False,False,False,False,False,False,True,False,False,False,False,False,False,False,False,False,False,False,False,False,False,False,False,False,False
-0.6994984116005257,-0.4580672247365286,-0.3978787630087615,-0.2430148108769126,-0.158469257640601,-0.2623598838100254,-0.3930260014215911,-0.3152644161076689,-0.3118371666802689,0,0,False,False,False,False,False,False,False,False,True,False,True,True,False,False,False,False,False,False,True,False,False,False,False,False,False,False,False,False,False,False,True,False,False,False,False,False,False,False,False,False,False,False,False,False,False,False,False,False,False
-0.6994984116005257,-0.4580672247365286,-0.3978787630087615,-0.2430148108769126,-0.2700390012017061,-0.3121360379620404,-0.6579025624536522,-0.3152644161076689,-0.3118371666802689,0,0,False,False,False,False,True,False,False,False,False,False,True,True,False,False,False,False,False,False,True,False,False,False,False,False,False,False,False,False,False,False,False,False,False,False,False,False,False,False,False,False,False,False,False,False,False,False,False,False,False
-0.102322360986944,0.0539299715267999,-0.3978787630087615,-0.2430148108769126,-0.5824342831728001,-0.4845918531719961,-0.7903408429696828,-0.3152644161076689,-0.3118371666802689,1,0,False,False,False,False,False,False,False,False,True,False,False,False,True,False,False,False,False,False,True,False,False,False,False,False,False,False,False,False,False,False,True,False,False,False,False,False,False,False,False,False,False,False,False,False,False,False,False,False,False
-0.6994984116005257,-0.4580672247365286,-0.3978787630087615,-0.2430148108769126,-0.6270621805972422,-0.5493795886873557,0.1848865131070393,-0.3152644161076689,-0.3118371666802689,0,0,False,False,False,False,True,False,False,False,False,False,True,True,False,False,False,False,False,False,True,False,False,False,False,False,False,False,False,False,False,False,True,False,False,False,False,False,False,False,False,False,False,False,False,False,False,False,False,False,False
-0.102322360986944,-0.10986456133655,-0.3978787630087615,-0.2430148108769126,-0.3369808473383691,-0.3420726785887391,-0.2188023710969316,-0.3152644161076689,-0.3118371666802689,0,0,False,False,False,False,True,False,False,False,False,False,True,True,False,False,False,False,False,False,True,False,False,False,False,False,False,False,False,False,False,False,True,False,False,False,False,False,False,False,False,False,False,False,False,False,False,False,False,False,False
-0.102322360986944,-0.2407887627749419,-0.3978787630087615,-0.2430148108769126,-0.5154924370361371,-0.5602813711058057,-0.5046681870491373,-0.3152644161076689,-0.3118371666802689,0,0,False,False,False,False,False,True,False,False,False,False,False,True,False,False,False,False,False,False,True,False,False,False,False,False,False,False,False,False,False,False,True,False,False,False,False,False,False,False,False,False,False,False,False,False,False,False,False,False,False
1.39061776554701,0.0767720662458384,1.9410063917278717,1.9333022209307864,0.7340886908482391,0.4591198106914137,-0.2453758212014096,0.0107124641869242,-0.3118371666802689,1,0,False,False,False,False,False,True,False,False,False,False,True,False,True,False,False,False,False,False,True,False,False,False,False,False,False,False,False,False,False,False,False,False,True,False,False,False,False,False,False,False,False,False,False,False,False,False,False,False,False
-0.102322360986944,0.1592264569389534,-0.3978787630087615,-0.2430148108769126,-0.5824342831728001,-0.5822060668567357,-0.2795074566892345,2.843518169441422,-0.3118371666802689,0,0,False,False,False,False,False,False,False,False,False,False,True,False,False,False,False,False,False,False,False,False,False,False,False,False,False,False,False,False,False,False,False,False,True,False,False,False,False,False,False,False,False,False,False,False,False,False,False,False,False
-0.6994984116005257,-0.4580672247365286,0.3817496219034494,-0.1039530197070916,-0.4262366421872531,-0.2026226781894691,0.1332871903535818,-0.3152644161076689,-0.3118371666802689,0,0,False,False,False,False,False,True,False,False,False,False,True,False,True,False,False,False,False,False,True,False,False,False,False,False,False,False,False,False,False,False,False,False,False,False,False,False,False,False,False,False,False,False,False,False,False,False,False,False,False
-0.102322360986944,0.0767720662458384,-0.3978787630087615,-0.2430148108769126,-0.6047482318850211,-0.5633961660825056,0.1848865131070393,-0.3152644161076689,-0.3118371666802689,1,0,False,False,False,False,False,True,False,False,False,False,True,False,False,False,False,False,False,False,False,False,False,False,False,False,False,False,False,False,False,False,False,False,False,False,False,False,False,False,False,False,False,False,False,True,False,False,False,False,False
-0.6994984116005257,-0.4580672247365286,-0.3978787630087615,-0.2430148108769126,-0.6940040267339052,-0.6267303306087386,3.435644366696113,-0.3152644161076689,-0.3118371666802689,0,1,False,False,False,False,False,False,True,False,False,False,True,False,False,False,False,False,False,False,False,False,False,False,False,False,False,False,False,False,False,False,True,False,False,False,False,False,False,False,False,False,False,False,False,False,False,False,False,False,False
-0.6994984116005257,-0.4580672247365286,-0.3978787630087615,-0.2430148108769126,-0.4485505908994741,-0.4170008021776065,-0.1763088111823196,-0.3152644161076689,-0.3118371666802689,0,0,False,False,False,False,False,True,False,False,False,False,True,True,False,False,False,False,False,False,False,False,True,False,False,False,False,False,False,False,False,False,False,False,False,False,False,False,False,False,False,False,False,False,False,False,False,False,False,False,False
0.1962656643198467,-0.1618628257190427,-0.3978787630087615,-0.2430148108769126,-0.4708645396116951,-0.489887004632386,-0.8213004322874132,-0.3152644161076689,-0.3118371666802689,0,0,False,False,False,False,True,False,False,False,False,False,True,False,True,False,False,False,False,False,True,False,False,False,False,False,False,False,False,False,False,False,False,False,False,False,False,False,False,True,False,False,False,False,False,False,False,False,False,False,False
-0.6994984116005257,-0.4580672247365286,-0.3978787630087615,-0.2430148108769126,0.1316120756182719,-0.3223456437363058,-0.0839731581795863,-0.3152644161076689,1.6886740655576715,0,0,False,False,False,False,False,True,False,False,False,False,True,True,False,False,False,False,False,False,True,False,False,False,False,False,False,False,False,False,False,False,False,False,False,False,False,False,False,False,False,False,False,True,False,False,False,False,False,False,False
-0.6994984116005257,-0.4580672247365286,-0.3978787630087615,-0.2430148108769126,-0.2923529499139271,-0.2260898267307034,0.4320201560418638,-0.3152644161076689,-0.3118371666802689,0,1,False,False,False,False,False,False,True,False,False,False,True,False,True,False,False,False,False,False,True,False,False,False,False,False,False,False,False,False,False,False,False,False,False,False,False,False,False,False,False,False,False,False,False,False,False,False,False,False,False
0.1962656643198467,0.1191135101152758,-0.3978787630087615,-0.2430148108769126,-0.046899514079496,-0.3980351616701155,-0.432640971913412,-0.3152644161076689,-0.3118371666802689,1,0,False,False,False,False,False,False,False,False,False,False,True,True,False,False,False,False,False,False,True,False,False,False,False,False,False,False,False,False,False,False,False,False,False,False,False,False,False,False,False,False,False,False,False,False,False,False,False,False,False
1.6892057908538007,-0.1358636935556525,0.3817496219034494,-0.2221555422014395,1.8497861264592892,3.727917135774607,-0.2584941678326922,-0.3152644161076689,3.6891852977956128,0,0,False,False,False,False,False,True,False,False,False,False,True,False,True,False,False,False,False,False,True,False,False,False,False,False,False,False,False,False,False,False,False,False,False,False,True,False,False,False,False,False,False,False,False,False,False,False,False,False,False
0.4948536896266375,-0.0569377564997532,-0.3978787630087615,-0.2430148108769126,-0.002271616655054,0.5455616938095086,-0.3414266569964148,1.709787261202199,-0.3118371666802689,0,1,False,False,False,False,False,False,True,False,False,False,True,True,False,False,False,False,False,False,True,False,False,False,False,False,False,False,False,False,False,False,True,False,False,False,False,False,False,False,False,False,False,False,False,False,False,False,False,False,False
-0.6994984116005257,-0.4580672247365286,1.1613780068156605,-0.1109061092655826,-0.2254111037772641,0.5505756483281244,0.0042888617982192,-0.3152644161076689,-0.3118371666802689,0,1,False,False,False,False,False,False,True,False,False,False,True,True,False,False,False,False,False,False,True,False,False,False,False,False,False,False,False,False,False,False,False,False,False,False,False,False,False,False,False,False,False,False,False,False,False,False,False,False,False
-0.102322360986944,0.474558788913974,-0.3978787630087615,-0.2430148108769126,-0.5378063857483582,-0.5274981539760384,-0.4652650576107753,-0.3152644161076689,-0.3118371666802689,0,0,False,False,False,False,False,False,False,True,False,False,False,False,False,False,False,False,False,False,False,False,False,False,False,False,False,False,False,False,False,False,True,False,False,False,False,False,False,False,False,False,False,False,False,False,False,False,False,False,False
-0.6994984116005257,-0.4580672247365286,-0.3978787630087615,-0.2430148108769126,-0.5824342831728001,-0.4946111103470477,-0.1763088111823196,-0.3152644161076689,-0.3118371666802689,0,1,False,False,False,False,False,False,True,False,False,False,False,True,False,False,False,False,False,False,True,False,False,False,False,False,False,False,False,False,False,False,True,False,False,False,False,False,False,False,False,False,False,False,False,False,False,False,False,False,False
-0.6994984116005257,-0.4580672247365286,-0.3978787630087615,-0.2430148108769126,1.001856075394891,1.629700694456056,-0.3980954065922301,-0.3152644161076689,-0.3118371666802689,0,0,False,False,False,False,True,False,False,False,False,False,True,False,False,True,False,False,False,False,False,False,False,False,False,False,False,False,False,False,False,False,True,False,False,False,False,False,False,False,False,False,False,False,False,False,False,False,False,False,False
0.7934417149334283,4.27748899750318,-0.3978787630087615,-0.2430148108769126,-0.2700390012017061,0.356229746544671,-0.4652650576107753,-0.3152644161076689,-0.3118371666802689,0,0,False,False,False,False,False,False,False,True,False,False,True,True,False,False,False,False,False,False,False,False,True,False,False,False,False,False,False,False,False,False,True,False,False,False,False,False,False,False,False,False,False,False,False,False,False,False,False,False,False
-0.6994984116005257,-0.4580672247365286,-0.3978787630087615,-0.2430148108769126,-0.5601203344605792,-0.4297195483324647,0.9588764844392144,-0.3152644161076689,-0.3118371666802689,0,0,False,False,False,False,True,False,False,False,False,False,True,False,True,False,False,False,False,False,True,False,False,False,False,False,False,False,False,False,False,False,False,False,False,False,False,False,False,False,False,False,False,False,False,False,False,False,False,False,False
-0.6994984116005257,-0.4580672247365286,-0.3978787630087615,-0.2430148108769126,-0.6940040267339052,-0.6267303306087386,3.435644366696113,-0.3152644161076689,0.6884184494387015,0,0,False,False,False,False,False,True,False,False,False,False,True,False,True,False,False,False,False,False,True,False,False,False,False,False,False,False,False,False,False,False,False,False,False,False,True,False,False,False,False,False,False,False,False,False,False,False,False,False,False
-0.6994984116005257,-0.4580672247365286,-0.3978787630087615,-0.2430148108769126,-0.6270621805972422,-0.6090798257407721,2.3520584154997546,-0.3152644161076689,-0.3118371666802689,0,0,False,False,False,False,True,False,False,False,False,False,True,False,True,False,False,False,False,False,True,False,False,False,False,False,False,False,False,False,False,False,False,False,False,False,False,False,False,False,False,False,False,False,False,False,False,False,False,False,False
-0.102322360986944,-0.2842444551672592,-0.3978787630087615,-0.2430148108769126,-0.3369808473383691,0.4515943860813022,-0.6437380352582085,-0.3152644161076689,-0.3118371666802689,1,1,False,False,False,False,False,False,True,False,False,False,True,True,False,False,False,False,False,False,True,False,False,False,False,False,False,False,False,False,False,False,True,False,False,False,False,False,False,False,False,False,False,False,False,False,False,False,False,False,False
1.6892057908538007,0.1269132497754354,0.3817496219034494,-0.0726641166938818,0.8456584344093441,2.373319060205968,-0.3904247233154301,-0.3152644161076689,-0.3118371666802689,1,1,False,False,False,False,False,False,True,False,False,False,True,True,False,False,False,False,False,False,True,False,False,False,False,False,False,False,False,False,False,False,False,False,False,False,False,False,True,False,False,False,False,False,False,False,False,False,False,False,False
-0.6994984116005257,-0.4580672247365286,-0.3978787630087615,-0.2430148108769126,0.332437614028261,-0.2224497190893469,0.2282096880976061,-0.3152644161076689,-0.3118371666802689,1,0,False,False,False,False,False,True,False,False,False,False,True,False,True,False,False,False,False,False,True,False,False,False,False,False,False,False,False,False,False,False,False,False,False,False,False,False,False,False,False,False,False,False,False,True,False,False,False,False,False
-0.6994984116005257,-0.4580672247365286,-0.3978787630087615,-0.2430148108769126,-0.6493761293094632,-0.5880030463984356,0.5460818373963982,-0.3152644161076689,-0.3118371666802689,1,0,False,False,True,False,False,False,False,False,False,False,True,False,True,False,False,False,False,False,True,False,False,False,False,False,False,False,False,False,False,False,False,False,True,False,False,False,False,False,False,False,False,False,False,False,False,False,False,False,False
-0.6994984116005257,-0.4580672247365286,-0.3978787630087615,-0.2430148108769126,-0.2700390012017061,0.2071695021469514,-0.1453492001928699,-0.3152644161076689,-0.3118371666802689,0,0,False,False,False,False,True,False,False,False,False,False,True,True,False,False,False,False,False,False,True,False,False,False,False,False,False,False,False,False,False,False,False,False,False,False,False,False,False,False,False,False,False,False,False,False,False,False,False,False,False
1.092029740240219,0.5169002327834114,0.3817496219034494,-0.1734839152920021,-0.158469257640601,0.8670734269669612,-0.0873991968966409,-0.3152644161076689,-0.3118371666802689,0,0,False,False,False,False,False,True,False,False,False,False,True,True,False,False,False,False,False,False,True,False,False,False,False,False,False,False,False,False,False,False,False,False,False,False,False,False,False,False,False,False,False,False,False,False,False,False,False,False,False
-0.6994984116005257,-0.4580672247365286,-0.3978787630087615,-0.2430148108769126,-0.6940040267339052,-0.6267303306087386,3.435644366696113,-0.3152644161076689,-0.3118371666802689,0,0,False,False,False,False,True,False,False,False,False,False,True,False,False,False,False,False,False,False,False,False,False,False,False,False,False,False,False,False,False,False,False,False,False,False,False,False,False,False,False,False,False,False,False,False,False,False,False,False,False
-0.6994984116005257,-0.4580672247365286,-0.3978787630087615,-0.2430148108769126,-0.5378063857483582,-0.562877033586389,-0.26660762600087,-0.3152644161076689,-0.3118371666802689,1,1,False,False,False,False,False,False,True,False,False,False,True,False,True,False,False,False,False,False,True,False,False,False,False,False,False,False,False,False,False,False,False,False,False,False,False,False,False,False,False,True,False,False,False,False,False,False,False,False,False
-0.4009103862937349,-0.2051328100427841,-0.3978787630087615,-0.2430148108769126,0.6225189472871341,0.7129611247636757,-0.6940589649781634,-0.3152644161076689,-0.3118371666802689,0,0,False,False,False,False,False,False,False,True,False,False,True,False,False,False,False,False,False,False,False,False,False,False,False,False,False,False,False,False,False,False,True,False,False,False,False,False,False,False,False,False,False,False,False,False,False,False,False,False,False
-0.4009103862937349,-0.3466423724485354,-0.3978787630087615,-0.2430148108769126,-0.3146668986261481,-0.4317676496350923,-0.627802950290229,1.3983433050371277,-0.3118371666802689,0,1,False,False,False,False,False,False,True,False,False,False,True,True,False,False,False,False,False,False,True,False,False,False,False,False,False,False,False,False,False,False,False,True,False,False,False,False,False,False,False,False,False,False,False,False,False,False,False,False,False
-0.6994984116005257,-0.4580672247365286,-0.3978787630087615,-0.2430148108769126,0.1316120756182719,-0.0110463153078846,-0.6927880920311623,-0.3152644161076689,-0.3118371666802689,0,1,False,False,False,False,False,False,True,False,False,False,True,False,False,False,False,False,False,False,False,False,False,False,False,False,False,False,False,False,False,False,False,True,False,False,False,False,False,False,False,False,False,False,False,False,False,False,False,False,False
0.4948536896266375,-0.0937079577547909,-0.3978787630087615,-0.2430148108769126,-0.203097155065043,0.387862219801669,-0.754221304039231,0.4873164892647024,-0.3118371666802689,0,0,False,False,False,False,False,False,False,False,False,False,True,True,False,False,False,False,False,False,True,False,False,False,False,False,False,False,False,False,False,False,True,False,False,False,False,False,False,False,False,False,False,False,False,False,False,False,False,False,False
-0.6994984116005257,-0.4580672247365286,-0.3978787630087615,-0.2430148108769126,-0.6047482318850211,-0.539048852014634,-0.6510226585323163,-0.3152644161076689,-0.3118371666802689,0,1,True,False,False,False,False,False,False,False,False,False,False,False,True,False,False,False,False,False,True,False,False,False,False,False,False,False,False,False,False,False,True,False,False,False,False,False,False,False,False,False,False,False,False,False,False,False,False,False,False
1.6892057908538007,0.2700941849655065,-0.3978787630087615,-0.2430148108769126,-0.6493761293094632,-0.5813062371985306,-0.4171056868179859,-0.3152644161076689,-0.3118371666802689,1,1,False,False,False,False,False,False,True,False,False,False,False,True,False,False,False,False,False,False,True,False,False,False,False,False,False,False,False,False,False,False,False,True,False,False,False,False,False,False,False,False,False,False,False,False,False,False,False,False,False
-0.6994984116005257,-0.4580672247365286,-0.3978787630087615,-0.2430148108769126,-0.6716900780216841,-0.6153094156941721,0.1848865131070393,-0.3152644161076689,-0.3118371666802689,1,0,False,False,False,False,True,False,False,False,False,False,True,False,False,False,False,False,False,False,False,False,False,False,False,False,False,False,False,False,False,False,False,False,False,False,False,False,False,False,False,False,False,False,False,True,False,False,False,False,False
-0.4009103862937349,-0.4079260412069316,0.3817496219034494,0.0976865774891488,-0.158469257640601,0.6474544244848066,-0.5652883845180233,1.3687207638022123,-0.3118371666802689,0,0,False,False,False,False,False,True,False,False,False,False,True,True,False,False,False,False,False,False,True,False,False,False,False,False,False,False,False,False,False,False,False,False,False,False,True,False,False,False,False,False,False,False,False,False,False,False,False,False,False
-0.6994984116005257,-0.4580672247365286,-0.3978787630087615,-0.2430148108769126,-0.6493761293094632,-0.6267303306087386,3.435644366696113,-0.3152644161076689,-0.3118371666802689,0,1,False,False,False,False,False,False,True,False,False,False,True,False,True,False,False,False,False,False,True,False,False,False,False,False,False,False,False,False,False,False,False,False,False,False,False,False,False,False,False,True,False,False,False,False,False,False,False,False,False
-0.6994984116005257,-0.4580672247365286,-0.3978787630087615,-0.2430148108769126,-0.6047482318850211,-0.5800776236226574,0.4016037033463107,-0.3152644161076689,-0.3118371666802689,1,0,False,False,True,False,False,False,False,False,False,False,True,False,True,False,False,False,False,False,True,False,False,False,False,False,False,False,False,False,False,False,False,False,True,False,False,False,False,False,False,False,False,False,False,False,False,False,False,False,False
-0.6994984116005257,-0.4580672247365286,-0.3978787630087615,-0.2430148108769126,-0.6270621805972422,-0.5156359764397727,0.1848865131070393,-0.3152644161076689,-0.3118371666802689,0,0,False,False,False,False,True,False,False,False,False,False,True,True,False,False,False,False,False,False,True,False,False,False,False,False,False,False,False,False,False,False,False,True,False,False,False,False,False,False,False,False,False,False,False,False,False,False,False,False,False
1.6892057908538007,1.5197239033753498,-0.3978787630087615,-0.2430148108769126,0.399379460164924,-0.0870405281967725,-0.6784182036262478,-0.3152644161076689,-0.3118371666802689,0,1,False,False,False,False,False,False,True,False,False,False,True,False,False,False,False,False,False,False,True,False,False,False,False,False,False,False,False,False,False,False,False,False,False,False,False,False,False,False,True,False,False,False,False,False,False,False,False,False,False
-0.102322360986944,-0.2144182144186877,-0.3978787630087615,-0.2430148108769126,-0.2923529499139271,-0.544222872576568,-0.8176147663764521,-0.3152644161076689,-0.3118371666802689,0,0,False,False,False,True,False,False,False,False,False,False,True,False,False,False,False,False,False,False,False,False,False,False,False,False,False,False,False,False,False,False,True,False,False,False,False,False,False,False,False,False,False,False,False,False,False,False,False,False,False
-0.6994984116005257,-0.4580672247365286,-0.3978787630087615,-0.2430148108769126,0.399379460164924,0.2742735575423964,-0.7091508683740791,-0.3152644161076689,0.6884184494387015,0,0,False,False,False,False,False,True,False,False,False,False,True,True,False,False,False,False,False,False,True,False,False,False,False,False,False,False,False,False,False,False,False,False,False,False,False,False,False,False,False,False,False,False,False,False,False,False,False,False,False
0.7934417149334283,0.6561812981434029,0.3817496219034494,-0.2430148108769126,0.0200423320571669,0.2074282819092781,-0.3218170670527713,-0.3152644161076689,-0.3118371666802689,0,0,False,False,False,False,False,True,False,False,False,False,True,False,True,False,False,False,False,False,True,False,False,False,False,False,False,False,False,False,False,False,True,False,False,False,False,False,False,False,False,False,False,False,False,False,False,False,False,False,False
-0.6994984116005257,-0.4580672247365286,-0.3978787630087615,-0.2430148108769126,-0.2700390012017061,-0.0788725032133303,-0.6974620533447717,-0.3152644161076689,-0.3118371666802689,0,1,False,False,False,False,False,False,True,False,False,False,True,False,True,False,False,False,False,False,True,False,False,False,False,False,False,False,False,False,False,False,False,False,False,False,False,False,False,False,False,False,False,True,False,False,False,False,False,False,False
-0.6994984116005257,-0.4580672247365286,-0.3978787630087615,-0.2430148108769126,1.5597047932004164,1.714038094381298,-0.0821147215864085,-0.3152644161076689,-0.3118371666802689,0,1,False,False,False,False,False,False,True,False,False,False,True,True,False,False,False,False,False,False,True,False,False,False,False,False,False,False,False,False,False,False,False,False,False,False,False,False,False,False,False,False,False,False,False,False,False,False,False,False,False
-0.6994984116005257,-0.4580672247365286,-0.3978787630087615,-0.2430148108769126,-0.3592947960505901,-0.3213073787440725,-0.3569064624911395,-0.3152644161076689,-0.3118371666802689,0,0,False,True,False,False,False,False,False,False,False,False,True,True,False,False,False,False,False,False,False,False,True,False,False,False,False,False,False,False,False,False,False,False,False,False,False,False,False,False,False,False,False,False,False,False,False,False,False,False,False
-0.4009103862937349,0.1714831906906326,-0.3978787630087615,-0.2430148108769126,-0.4262366421872531,-0.141341446739658,-0.3076525615290467,-0.3152644161076689,2.688929681676642,0,0,False,False,False,False,False,True,False,False,False,False,False,False,False,False,False,False,False,False,False,False,False,False,False,False,False,False,False,False,False,False,True,False,False,False,False,False,False,False,False,False,False,False,False,False,False,False,False,False,False
0.7934417149334283,-0.2157181710101435,-0.3978787630087615,-0.2430148108769126,-0.5824342831728001,-0.5694527118878377,-0.4652650576107753,-0.3152644161076689,-0.3118371666802689,1,1,True,False,False,False,False,False,False,False,False,False,False,True,False,False,False,False,False,False,True,False,False,False,False,False,False,False,False,False,False,False,False,False,False,False,False,False,True,False,False,False,False,False,False,False,False,False,False,False,False
3.182145917387755,1.7690370103697344,1.9410063917278717,0.088995215541035,0.6448328959993551,0.1306803763694207,-0.5399895782396567,0.6125216397377515,-0.3118371666802689,0,1,False,False,False,False,False,False,True,False,False,False,False,False,False,False,False,False,False,False,False,False,False,False,False,False,False,False,False,False,False,False,True,False,False,False,False,False,False,False,False,False,False,False,False,False,False,False,False,False,False
-0.6994984116005257,-0.4580672247365286,-0.3978787630087615,-0.2430148108769126,-0.069213462791717,-0.3989003824623677,-0.4503190482273288,-0.3152644161076689,-0.3118371666802689,1,0,False,False,False,False,True,False,False,False,False,False,True,False,False,True,False,False,False,False,True,False,False,False,False,False,False,False,False,False,False,False,False,False,False,False,False,False,False,False,False,False,False,False,False,False,False,False,False,False,False
-0.6994984116005257,-0.4580672247365286,1.1613780068156605,0.667839921285415,0.0869841781938299,-0.1759070187554548,-0.8752705544152123,1.479506599060154,-0.3118371666802689,1,0,False,False,False,False,False,True,False,False,False,False,False,False,True,False,False,False,False,False,True,False,False,False,False,False,False,False,False,False,False,False,True,False,False,False,False,False,False,False,False,False,False,False,False,False,False,False,False,False,False
1.6892057908538007,1.2693894020873664,0.3817496219034494,0.1004678133125452,0.8679723831215651,0.1218455090824768,-0.6989266497881277,2.246076844628783,-0.3118371666802689,1,0,False,False,False,False,False,False,False,True,False,False,True,False,False,False,False,False,False,False,False,False,False,False,False,False,False,False,False,False,False,False,False,False,False,False,False,False,False,False,False,False,False,False,False,False,False,False,False,False,True
-0.6994984116005257,-0.4580672247365286,-0.3978787630087615,-0.2430148108769126,-0.158469257640601,-0.1416702306365608,0.2715733892027479,-0.3152644161076689,2.688929681676642,0,0,False,False,False,False,False,True,False,False,False,False,True,True,False,False,False,False,False,False,True,False,False,False,False,False,False,False,False,False,False,False,False,False,False,False,False,False,False,False,False,False,False,True,False,False,False,False,False,False,False
3.182145917387755,3.2319856289463407,-0.3978787630087615,-0.2430148108769126,1.0911118702437752,1.597452678011425,-0.4040900424631577,-0.1748749658527057,-0.3118371666802689,1,1,True,False,False,False,False,False,False,False,False,False,True,False,False,False,False,False,False,False,False,False,False,False,False,False,False,False,False,False,False,False,True,False,False,False,False,False,False,False,False,False,False,False,False,False,False,False,False,False,False
0.4948536896266375,0.3831904100378196,-0.3978787630087615,-0.2430148108769126,-0.046899514079496,0.1764887716264565,-0.6360119373958644,1.190876751980546,-0.3118371666802689,1,0,False,False,False,False,False,False,False,False,True,False,True,True,False,False,False,False,False,False,True,False,False,False,False,False,False,False,False,False,False,False,True,False,False,False,False,False,False,False,False,False,False,False,False,False,False,False,False,False,False
-0.6994984116005257,-0.4580672247365286,-0.3978787630087615,-0.2430148108769126,-0.4485505908994741,-0.2686586914122698,0.907277140014038,-0.3152644161076689,-0.3118371666802689,0,0,False,False,False,False,False,True,False,False,False,False,True,True,False,False,False,False,False,False,False,False,True,False,False,False,False,False,False,False,False,False,False,False,True,False,False,False,False,False,False,False,False,False,False,False,False,False,False,False,False
-0.6994984116005257,-0.4580672247365286,-0.3978787630087615,-0.2430148108769126,-0.5824342831728001,-0.572221418516489,1.268472464303397,-0.3152644161076689,-0.3118371666802689,0,0,False,False,False,False,False,True,False,False,False,False,True,False,True,False,False,False,False,False,True,False,False,False,False,False,False,False,False,False,False,False,False,True,False,False,False,False,False,False,False,False,False,False,False,False,False,False,False,False,False
-0.6994984116005257,-0.4580672247365286,1.9410063917278717,1.8429120566704027,-0.4262366421872531,-0.3624288525531389,-0.850540067296529,1.847785710063517,-0.3118371666802689,1,0,False,False,False,False,True,False,False,False,False,False,True,False,True,False,False,False,False,False,True,False,False,False,False,False,False,False,False,False,False,False,True,False,False,False,False,False,False,False,False,False,False,False,False,False,False,False,False,False,False
-0.6994984116005257,-0.4580672247365286,-0.3978787630087615,-0.2430148108769126,-0.6493761293094632,-0.6205007406553387,0.5460818373963982,-0.3152644161076689,-0.3118371666802689,0,0,False,False,False,False,True,False,False,False,False,False,True,True,False,False,False,False,False,False,True,False,False,False,False,False,False,False,False,False,False,False,False,True,False,False,False,False,False,False,False,False,False,False,False,False,False,False,False,False,False
-0.6994984116005257,-0.4580672247365286,-0.3978787630087615,-0.2430148108769126,-0.2477250524894851,-0.1138793376950865,-0.5375041137999595,-0.3152644161076689,-0.3118371666802689,0,1,True,False,False,False,False,False,False,False,False,False,True,True,False,False,False,False,False,False,False,False,True,False,False,False,False,False,False,False,False,False,False,False,False,False,False,False,False,False,False,False,False,False,False,False,False,False,False,False,False
-0.4009103862937349,0.0656295810170391,-0.3978787630087615,-0.2430148108769126,-0.4931784883239161,-0.4539889925259188,-0.4652650576107753,-0.3152644161076689,-0.3118371666802689,0,0,False,False,False,False,False,True,False,False,False,False,True,True,False,False,False,False,False,False,True,False,False,False,False,False,False,False,False,False,False,False,False,False,False,False,True,False,False,False,False,False,False,False,False,False,False,False,False,False,False
0.7934417149334283,0.3546842184750999,-0.3978787630087615,-0.2430148108769126,-0.5154924370361371,-0.5685442300196336,0.0361590317341782,-0.2091278933872514,-0.3118371666802689,0,0,False,False,True,False,False,False,False,False,False,False,True,False,True,False,False,False,False,False,True,False,False,False,False,False,False,False,False,False,False,False,False,False,False,False,False,False,False,False,False,False,False,False,False,False,False,False,False,False,False
-0.6994984116005257,-0.4580672247365286,-0.3978787630087615,-0.2430148108769126,0.220867870467156,-0.1882814070385267,0.9519965588461594,-0.3152644161076689,-0.3118371666802689,0,0,False,False,False,False,False,False,False,True,False,False,True,False,True,False,False,False,False,False,True,False,False,False,False,False,False,False,False,False,False,False,False,True,False,False,False,False,False,False,False,False,False,False,False,False,False,False,False,False,False
-0.6994984116005257,-0.4580672247365286,-0.3978787630087615,-0.2430148108769126,-0.3592947960505901,-0.4027246585343982,1.0969046814734007,-0.3152644161076689,0.6884184494387015,0,0,False,False,False,False,False,True,False,False,False,False,True,False,True,False,False,False,False,False,True,False,False,False,False,False,False,False,False,False,False,False,False,False,False,False,False,False,False,False,False,False,False,True,False,False,False,False,False,False,False
-0.6994984116005257,-0.4580672247365286,-0.3978787630087615,-0.2430148108769126,-0.2254111037772641,0.1225076444116363,1.4654880898234877,-0.3152644161076689,3.6891852977956128,0,0,False,False,False,False,False,True,False,False,False,False,True,True,False,False,False,False,False,False,True,False,False,False,False,False,False,False,False,False,False,False,False,False,False,False,False,False,False,False,False,False,False,True,False,False,False,False,False,False,False
1.6892057908538007,1.244875934584008,0.3817496219034494,-0.2430148108769126,0.0646702294816089,-0.2133710805758451,-0.6478693583991778,-0.3152644161076689,-0.3118371666802689,0,1,True,False,False,False,False,False,False,False,False,False,True,False,False,False,False,False,False,False,False,False,False,False,False,False,False,False,False,False,False,False,False,False,False,False,False,False,False,False,True,False,False,False,False,False,False,False,False,False,False
-0.6994984116005257,-0.4580672247365286,-0.3978787630087615,-0.2430148108769126,-0.6940040267339052,-0.6267303306087386,3.435644366696113,-0.3152644161076689,3.6891852977956128,0,0,False,False,False,False,False,True,False,False,False,False,True,True,False,False,False,False,False,False,True,False,False,False,False,False,False,False,False,False,False,False,False,False,False,False,False,False,False,False,False,False,False,True,False,False,False,False,False,False,False
0.7934417149334283,-0.270502056699836,-0.3978787630087615,-0.2430148108769126,-0.6270621805972422,-0.6154824598578138,-0.4652650576107753,-0.3152644161076689,-0.3118371666802689,0,0,False,False,False,False,False,True,False,False,False,False,False,True,False,False,False,False,False,False,True,False,False,False,False,False,False,False,False,False,False,False,False,False,False,True,False,False,False,False,False,False,False,False,False,False,False,False,False,False,False
0.7934417149334283,0.3692623035018205,0.3817496219034494,-0.0657110271353908,0.0869841781938299,0.7178314867147332,-0.4445784265750808,0.7080427020626144,-0.3118371666802689,0,1,True,False,False,False,False,False,False,False,False,False,True,False,False,False,False,False,False,False,False,False,False,False,False,False,False,False,False,False,False,False,False,False,False,False,False,False,False,False,False,False,False,False,False,False,False,False,False,False,False
1.39061776554701,0.0888762540820549,-0.3978787630087615,-0.2430148108769126,0.332437614028261,0.3544059001496292,-0.2864510754645007,-0.3152644161076689,-0.3118371666802689,0,1,False,False,False,False,False,False,True,False,False,False,True,True,False,False,False,False,False,False,True,False,False,False,False,False,False,False,False,False,False,False,False,False,False,False,False,False,False,False,False,False,False,False,False,False,False,False,False,False,False
-0.6994984116005257,-0.4580672247365286,-0.3978787630087615,-0.2430148108769126,-0.4485505908994741,-0.201084944817113,-0.0137709185028659,-0.3152644161076689,-0.3118371666802689,1,0,False,False,False,False,False,True,False,False,False,False,True,False,False,False,False,False,False,False,False,False,False,False,False,False,False,False,False,False,False,False,False,True,False,False,False,False,False,False,False,False,False,False,False,False,False,False,False,False,False
-0.6994984116005257,-0.4580672247365286,-0.3978787630087615,-0.2430148108769126,-0.4485505908994741,-0.4558244967160331,-0.2766408300553445,-0.3152644161076689,-0.3118371666802689,0,1,False,False,False,False,False,False,True,False,False,False,True,False,True,False,False,False,False,False,True,False,False,False,False,False,False,False,False,False,False,False,True,False,False,False,False,False,False,False,False,False,False,False,False,False,False,False,False,False,False
-0.6994984116005257,-0.4580672247365286,-0.3978787630087615,-0.2430148108769126,-0.4262366421872531,-0.4193368984101315,-0.7875624202322201,-0.3152644161076689,4.689440913914583,1,0,False,False,False,False,False,True,False,False,False,False,True,False,True,False,False,False,False,False,True,False,False,False,False,False,False,False,False,False,False,False,False,False,False,False,False,False,False,False,False,False,False,False,False,False,False,False,False,False,False
-0.6994984116005257,-0.4580672247365286,-0.3978787630087615,-0.2430148108769126,-0.6493761293094632,-0.5909101883766888,0.5460818373963982,-0.3152644161076689,4.689440913914583,1,0,False,False,False,False,False,True,False,False,False,False,True,False,True,False,False,False,False,False,True,False,False,False,False,False,False,False,False,False,False,False,False,False,False,False,False,False,False,False,False,False,False,False,False,False,False,False,False,False,True
-0.6994984116005257,-0.4580672247365286,0.3817496219034494,0.0107729580080107,-0.3369808473383691,-0.4615164137196104,0.1848865131070393,0.6370970981242037,-0.3118371666802689,1,1,False,False,False,False,False,False,True,False,False,False,True,True,False,False,False,False,False,False,False,False,False,True,False,False,False,False,False,False,False,False,False,False,False,False,False,False,False,False,False,False,False,False,False,False,False,False,False,False,False
1.092029740240219,0.020873932033266,0.3817496219034494,-0.2291086317599305,0.9795421266826702,0.1333884632216281,-0.5116975824883002,-0.3152644161076689,-0.3118371666802689,0,0,False,False,False,False,False,False,False,False,False,False,True,False,True,False,False,False,False,False,True,False,False,False,False,False,False,False,False,False,False,False,False,False,True,False,False,False,False,False,False,False,False,False,False,False,False,False,False,False,False
-0.6994984116005257,-0.4580672247365286,-0.3978787630087615,-0.2430148108769126,-0.6940040267339052,-0.6267303306087386,3.435644366696113,-0.3152644161076689,-0.3118371666802689,1,0,False,True,False,False,False,False,False,False,False,False,True,False,False,False,False,False,False,False,False,False,False,False,False,False,False,False,False,False,False,False,True,False,False,False,False,False,False,False,False,False,False,False,False,False,False,False,False,False,False
-0.6994984116005257,-0.4580672247365286,-0.3978787630087615,-0.2430148108769126,-0.6716900780216841,-0.6267303306087386,3.435644366696113,-0.3152644161076689,-0.3118371666802689,0,1,False,False,False,False,False,False,True,False,False,False,True,False,False,False,False,False,False,False,False,False,False,False,False,False,False,False,False,False,False,False,False,False,False,False,False,False,False,False,False,False,False,False,False,False,False,False,False,False,False
0.7934417149334283,0.8865521802488285,-0.3978787630087615,-0.2430148108769126,-0.6047482318850211,-0.499698608808991,-0.1763088111823196,-0.3152644161076689,-0.3118371666802689,1,1,False,False,False,False,False,False,True,False,False,False,True,True,False,False,False,False,False,False,True,False,False,False,False,False,False,False,False,False,False,False,False,False,False,False,False,False,False,False,False,False,False,False,False,False,False,False,False,False,False
-0.6994984116005257,-0.4580672247365286,-0.3978787630087615,-0.2430148108769126,-0.6270621805972422,-0.5556091786407558,0.726679488705218,-0.3152644161076689,-0.3118371666802689,1,0,False,False,False,False,False,True,False,False,False,False,True,False,False,True,False,False,False,False,False,False,False,False,False,False,False,False,False,False,False,False,False,True,False,False,False,False,False,False,False,False,False,False,False,False,False,False,False,False,False
1.092029740240219,8.857236132769765,-0.3978787630087615,-0.2430148108769126,-0.091527411503938,-0.3576137750462095,-0.6097431916608628,-0.3152644161076689,-0.3118371666802689,1,0,False,False,False,False,False,False,False,True,False,False,True,True,False,False,False,False,False,False,True,False,False,False,False,False,False,False,False,False,False,False,True,False,False,False,False,False,False,False,False,False,False,False,False,False,False,False,False,False,False
-0.4009103862937349,-0.4357822542789299,-0.3978787630087615,-0.2430148108769126,0.0200423320571669,-0.1348955515622384,0.080124231400829,-0.3152644161076689,-0.3118371666802689,1,1,False,False,False,False,False,False,True,False,False,False,True,True,False,False,False,False,False,False,True,False,False,False,False,False,False,False,False,False,False,False,True,False,False,False,False,False,False,False,False,False,False,False,False,False,False,False,False,False,False
-0.6994984116005257,-0.4580672247365286,-0.3978787630087615,-0.2430148108769126,-0.5154924370361371,-0.5135594464553059,-0.1763088111823196,-0.3152644161076689,-0.3118371666802689,1,0,False,False,False,False,True,False,False,False,False,False,True,True,False,False,False,False,False,False,True,False,False,False,False,False,False,False,False,False,False,False,False,True,False,False,False,False,False,False,False,False,False,False,False,False,False,False,False,False,False
0.4948536896266375,0.0544870957882398,-0.3978787630087615,-0.2430148108769126,-0.2477250524894851,-0.2347852960406575,-0.8044745746523934,-0.3152644161076689,-0.3118371666802689,0,1,False,False,False,False,False,False,True,False,False,False,False,False,True,False,False,False,False,False,True,False,False,False,False,False,False,False,False,False,False,False,True,False,False,False,False,False,False,False,False,False,False,False,False,False,False,False,False,False,False
-0.102322360986944,-0.1327066560555886,-0.3978787630087615,-0.2430148108769126,-0.180783206352822,-0.3205459843991304,0.3186625671666978,-0.2252830248849214,-0.3118371666802689,1,0,False,False,False,False,False,False,False,False,True,False,True,True,False,False,False,False,False,False,True,False,False,False,False,False,False,False,False,False,False,False,False,False,False,False,False,False,False,False,False,False,False,False,False,False,False,False,False,False,False
-0.6994984116005257,-0.4580672247365286,-0.3978787630087615,-0.2430148108769126,-0.5601203344605792,-0.4342186966494469,0.3396845030391304,-0.3152644161076689,-0.3118371666802689,0,0,False,False,False,False,True,False,False,False,False,False,True,True,False,False,False,False,False,False,True,False,False,False,False,False,False,False,False,False,False,False,False,True,False,False,False,False,False,False,False,False,False,False,False,False,False,False,False,False,False
1.092029740240219,0.0872591111605069,1.1613780068156605,-0.1804370048504931,0.577891049862692,0.5639514537345952,-0.1624380224665262,0.0425732572414738,-0.3118371666802689,0,0,False,False,False,False,False,True,False,False,False,False,True,True,False,False,False,False,False,False,True,False,False,False,False,False,False,False,False,False,False,False,False,False,True,False,False,False,False,False,False,False,False,False,False,False,False,False,False,False,False
-0.4009103862937349,-0.3577848576773347,-0.3978787630087615,-0.2430148108769126,-0.180783206352822,0.18882682079054,-0.5375041137999595,-0.3152644161076689,-0.3118371666802689,0,0,False,False,False,False,True,False,False,False,False,False,True,True,False,False,False,False,False,False,True,False,False,False,False,False,False,False,False,False,False,False,False,True,False,False,False,False,False,False,False,False,False,False,False,False,False,False,False,False,False
-0.6994984116005257,-0.4580672247365286,-0.3978787630087615,-0.2430148108769126,-0.6716900780216841,-0.6028502357873721,1.268472464303397,-0.3152644161076689,-0.3118371666802689,0,0,False,False,False,False,False,True,False,False,False,False,True,True,False,False,False,False,False,False,False,False,True,False,False,False,False,False,False,False,False,False,False,False,True,False,False,False,False,False,False,False,False,False,False,False,False,False,False,False,False
-0.6994984116005257,-0.4580672247365286,-0.3978787630087615,-0.2430148108769126,-0.6716900780216841,-0.6267303306087386,3.435644366696113,-0.3152644161076689,-0.3118371666802689,0,0,False,True,False,False,False,False,False,False,False,False,True,False,True,False,False,False,False,False,False,True,False,False,False,False,False,False,False,False,False,False,False,True,False,False,False,False,False,False,False,False,False,False,False,False,False,False,False,False,False
-0.4009103862937349,-0.402354798592532,-0.3978787630087615,-0.2430148108769126,-0.203097155065043,-0.485745068946059,-0.7181017867804985,-0.3152644161076689,-0.3118371666802689,0,0,False,False,False,False,False,False,False,False,False,False,True,True,False,False,False,False,False,False,True,False,False,False,False,False,False,False,False,False,False,False,False,False,False,False,False,False,False,False,False,False,False,False,False,False,False,False,False,False,False
-0.6994984116005257,-0.4580672247365286,-0.3978787630087615,-0.2430148108769126,-0.4485505908994741,-0.3154515641878765,-0.4472052989814091,-0.3152644161076689,-0.3118371666802689,1,1,False,False,False,False,False,False,True,False,False,False,True,True,False,False,False,False,False,False,True,False,False,False,False,False,False,False,False,False,False,False,False,False,False,False,False,False,False,False,False,False,False,False,False,False,False,False,False,False,True
0.7934417149334283,0.3252494868480631,-0.3978787630087615,-0.2430148108769126,-0.3592947960505901,-0.4068777185033315,-0.627802950290229,-0.3152644161076689,-0.3118371666802689,1,0,False,False,False,False,False,False,False,False,False,False,True,False,True,False,False,False,False,False,True,False,False,False,False,False,False,False,False,False,False,False,False,True,False,False,False,False,False,False,False,False,False,False,False,False,False,False,False,False,False
-0.6994984116005257,-0.4580672247365286,-0.3978787630087615,-0.2430148108769126,-0.6270621805972422,-0.5961015133378554,2.8938513910979338,-0.3152644161076689,3.6891852977956128,0,0,False,False,False,False,False,True,False,False,False,False,True,True,False,False,False,False,False,False,True,False,False,False,False,False,False,False,False,False,False,False,False,False,False,False,False,False,False,False,False,False,False,False,False,False,False,False,False,False,False
-0.6994984116005257,-0.4580672247365286,-0.3978787630087615,-0.2430148108769126,-0.2923529499139271,-0.4289686602428922,-0.5964359976700055,-0.3152644161076689,-0.3118371666802689,0,1,False,False,False,False,False,False,True,False,False,False,True,False,True,False,False,False,False,False,True,False,False,False,False,False,False,False,False,False,False,False,True,False,False,False,False,False,False,False,False,False,False,False,False,False,False,False,False,False,False
-0.102322360986944,-0.2463600053893416,-0.3978787630087615,-0.2430148108769126,-0.4708645396116951,-0.2565888608775574,-0.5375041137999595,5.728499088128132,-0.3118371666802689,0,0,False,False,False,False,False,True,False,False,False,False,True,True,False,False,False,False,False,False,True,False,False,False,False,False,False,False,False,False,False,False,True,False,False,False,False,False,False,False,False,False,False,False,False,False,False,False,False,False,False
-0.6994984116005257,-0.4580672247365286,-0.3978787630087615,-0.2430148108769126,-0.6716900780216841,-0.6077819945004804,-0.1763088111823196,-0.3152644161076689,-0.3118371666802689,0,0,False,False,False,False,True,False,False,False,False,False,True,False,True,False,False,False,False,False,True,False,False,False,False,False,False,False,False,False,False,False,False,False,False,False,False,False,False,False,False,False,False,False,False,False,False,False,False,False,False
-0.6994984116005257,-0.4580672247365286,-0.3978787630087615,-0.2430148108769126,0.0423562807693879,-0.4650205580683978,-0.6437380352582085,-0.3152644161076689,-0.3118371666802689,0,0,False,False,False,False,True,False,False,False,False,False,True,True,False,False,False,False,False,False,True,False,False,False,False,False,False,False,False,False,False,False,False,False,False,False,False,False,False,False,False,False,False,False,False,False,False,False,False,False,False
-0.4009103862937349,-0.3243574019909368,-0.3978787630087615,-0.2430148108769126,-0.5378063857483582,-0.5504178536795891,-0.3207869235606879,-0.3152644161076689,-0.3118371666802689,0,0,False,False,False,False,False,True,False,False,False,False,True,True,False,False,False,False,False,False,False,False,False,False,True,False,False,False,False,False,False,False,False,False,False,False,False,False,False,False,False,False,False,False,False,False,False,False,False,False,False
0.4948536896266375,0.1113137704551163,-0.3978787630087615,-0.2430148108769126,-0.4931784883239161,-0.509198733487926,0.7683558731105951,-0.3152644161076689,-0.3118371666802689,0,0,False,False,False,False,False,False,False,True,False,False,True,False,True,False,False,False,False,False,True,False,False,False,False,False,False,False,False,False,False,False,False,False,False,False,False,False,False,False,False,False,False,True,False,False,False,False,False,False,False
-0.6994984116005257,-0.4580672247365286,-0.3978787630087615,-0.2430148108769126,-0.4485505908994741,-0.4985046040679227,-0.5375041137999595,-0.3152644161076689,-0.3118371666802689,1,1,True,False,False,False,False,False,False,False,False,False,True,False,False,False,False,False,False,True,False,False,False,False,False,False,False,False,False,False,False,False,False,False,False,False,False,False,False,False,False,False,False,False,False,False,False,False,False,False,False
1.6892057908538007,0.1300577878027069,3.500263161552293,1.4883044891873591,2.1398674597181624,1.012981572565075,-0.7726698966513246,-0.0250611848019365,-0.3118371666802689,0,0,False,False,False,False,False,True,False,False,False,False,True,False,False,False,False,False,False,False,False,False,False,False,False,False,False,False,False,False,False,False,False,False,False,False,False,False,False,False,False,False,False,True,False,False,False,False,False,False,False
0.7934417149334283,0.4779015344826138,-0.3978787630087615,-0.2430148108769126,-0.024585565367275,0.0165180929481066,-0.4652650576107753,-0.3152644161076689,-0.3118371666802689,0,0,False,False,False,False,False,True,False,False,False,False,True,False,True,False,False,False,False,False,True,False,False,False,False,False,False,False,False,False,False,False,False,False,False,False,False,False,False,False,False,False,False,True,False,False,False,False,False,False,False
1.39061776554701,-0.0215205712922947,1.9410063917278717,1.221769389676972,6.178692176630165,5.684984509608571,-0.3453732937478621,-0.3152644161076689,-0.3118371666802689,1,1,False,False,False,False,False,False,True,False,False,False,True,True,False,False,False,False,False,False,True,False,False,False,False,False,False,False,False,False,False,False,True,False,False,False,False,False,False,False,False,False,False,False,False,False,False,False,False,False,False
-0.6994984116005257,-0.4580672247365286,-0.3978787630087615,-0.2430148108769126,-0.4931784883239161,-0.4965319005826794,-0.6819822478500469,-0.3152644161076689,-0.3118371666802689,0,0,False,False,False,False,True,False,False,False,False,False,True,True,False,False,False,False,False,False,True,False,False,False,False,False,False,False,False,False,False,False,False,True,False,False,False,False,False,False,False,False,False,False,False,False,False,False,False,False,False
-0.4009103862937349,-0.4580672247365286,-0.3978787630087615,-0.2430148108769126,-0.203097155065043,-0.120186797522904,0.1914536941228599,0.5435778147934299,-0.3118371666802689,1,0,False,False,False,False,False,True,False,False,False,False,True,True,False,False,False,False,False,False,True,False,False,False,False,False,False,False,False,False,False,False,False,False,False,False,True,False,False,False,False,False,False,False,False,False,False,False,False,False,False
-0.6994984116005257,-0.4580672247365286,-0.3978787630087615,-0.2430148108769126,-0.5824342831728001,-0.5213464338970559,-0.1763088111823196,-0.3152644161076689,-0.3118371666802689,0,1,False,False,False,False,False,False,True,False,False,False,True,False,False,True,False,False,False,False,False,False,False,False,False,False,False,False,False,False,False,False,False,True,False,False,False,False,False,False,False,False,False,False,False,False,False,False,False,False,False
-0.6994984116005257,-0.4580672247365286,-0.3978787630087615,-0.2430148108769126,-0.6047482318850211,-0.504215061525206,-0.0318306771322322,-0.3152644161076689,-0.3118371666802689,0,0,False,False,False,False,True,False,False,False,False,False,True,False,False,False,False,False,False,False,False,False,False,False,False,False,False,False,False,False,False,False,False,False,False,False,False,False,False,False,False,False,False,False,False,False,False,False,False,False,False
-0.4009103862937349,-0.2575024906181409,-0.3978787630087615,-0.2430148108769126,0.0423562807693879,0.5362129829483184,-0.1424467502074334,-0.3152644161076689,2.688929681676642,0,0,False,False,False,False,False,True,False,False,False,False,True,False,False,False,False,False,False,False,False,False,False,False,False,False,False,False,False,False,False,False,False,False,True,False,False,False,False,False,False,False,False,False,False,False,False,False,False,False,False
-0.6994984116005257,-0.4580672247365286,-0.3978787630087615,-0.2430148108769126,-0.113841360216159,-0.5296525538349225,-0.4171056868179859,-0.3152644161076689,-0.3118371666802689,0,0,False,False,False,False,False,True,False,False,False,False,True,False,False,True,False,False,False,False,True,False,False,False,False,False,False,False,False,False,False,False,False,False,True,False,False,False,False,False,False,False,False,False,False,False,False,False,False,False,False
-0.6994984116005257,-0.4580672247365286,-0.3978787630087615,-0.2430148108769126,-0.6493761293094632,-0.6267303306087386,3.435644366696113,-0.3152644161076689,-0.3118371666802689,1,0,False,False,True,False,False,False,False,False,False,False,True,False,False,False,False,False,False,False,False,False,False,False,False,False,False,False,False,False,False,False,False,False,False,False,False,False,False,False,False,False,False,False,False,False,False,False,False,False,False
0.7934417149334283,-0.0736514843429522,2.7206347766400825,0.8903387871571288,0.399379460164924,0.6320361893501417,-0.3930260014215911,-0.1576104067025162,-0.3118371666802689,0,0,False,False,False,False,False,True,False,False,False,False,True,True,False,False,False,False,False,False,True,False,False,False,False,False,False,False,False,False,False,False,False,True,False,False,False,False,False,False,False,False,False,False,False,False,False,False,False,False,False
-0.4009103862937349,-0.1828478395851855,-0.3978787630087615,-0.2430148108769126,-0.6270621805972422,-0.5687951440421191,-0.0318306771322322,-0.3152644161076689,-0.3118371666802689,0,0,False,False,True,False,False,False,False,False,False,False,False,False,False,False,False,False,False,False,False,False,False,False,False,False,True,False,False,False,False,False,False,False,True,False,False,False,False,False,False,False,False,False,False,False,False,False,False,False,False
-0.6994984116005257,-0.4580672247365286,-0.3978787630087615,-0.2430148108769126,-0.6270621805972422,-0.6028502357873721,0.1848865131070393,-0.3152644161076689,-0.3118371666802689,0,0,False,False,False,False,False,True,False,False,False,False,True,False,False,False,False,False,False,False,False,False,False,False,False,False,False,False,False,False,False,False,True,False,False,False,False,False,False,False,False,False,False,False,False,False,False,False,False,False,False
-0.6994984116005257,-0.4580672247365286,-0.3978787630087615,-0.2430148108769126,0.176239973042714,0.2990126930913019,-0.3262048533166697,-0.3152644161076689,3.6891852977956128,0,0,False,False,False,False,False,True,False,False,False,False,True,True,False,False,False,False,False,False,False,False,False,False,True,False,False,False,False,False,False,False,True,False,False,False,False,False,False,False,False,False,False,False,False,False,False,False,False,False,False
-0.6994984116005257,-0.4580672247365286,0.3817496219034494,0.5134813330869137,-0.4931784883239161,-0.459379318259959,-0.7016838125692278,2.9621138038339314,-0.3118371666802689,0,1,False,False,False,False,False,False,True,False,False,False,True,True,False,False,False,False,False,False,False,False,False,True,False,False,False,False,False,False,False,False,True,False,False,False,False,False,False,False,False,False,False,False,False,False,False,False,False,False,False
-0.4009103862937349,-0.3313214552589364,-0.3978787630087615,-0.2430148108769126,-0.6940040267339052,-0.6267303306087386,0.5460818373963982,-0.3152644161076689,-0.3118371666802689,0,1,True,False,False,False,False,False,False,False,False,False,False,False,False,False,False,False,False,False,False,False,False,False,False,False,False,False,False,False,False,False,False,False,False,False,False,False,True,False,False,False,False,False,False,False,False,False,False,False,False
-0.4009103862937349,-0.1048504429835903,-0.3978787630087615,-0.2430148108769126,-0.6493761293094632,-0.5642267780762923,-0.8986994380893184,1.9273158432321844,-0.3118371666802689,0,0,False,False,False,False,False,False,False,True,False,False,False,False,False,False,False,False,False,False,False,False,False,False,False,False,False,False,False,False,False,False,False,True,False,False,False,False,False,False,False,False,False,False,False,False,False,False,False,False,False
0.4948536896266375,-0.3405140055726958,1.1613780068156605,2.1321605823036305,1.336565306078206,0.7586848541827873,0.1384761583980758,-0.3152644161076689,-0.3118371666802689,1,0,False,False,False,False,False,False,False,False,False,False,True,True,False,False,False,False,False,False,True,False,False,False,False,False,False,False,False,False,False,False,False,True,False,False,False,False,False,False,False,False,False,False,False,False,False,False,False,False,False
-0.6994984116005257,-0.4580672247365286,-0.3978787630087615,-0.2430148108769126,-0.4708645396116951,-0.5199447761575409,-0.4171056868179859,0.6842984122785947,-0.3118371666802689,0,1,True,False,False,False,False,False,False,False,False,False,False,False,False,False,False,False,False,False,False,False,False,False,False,False,False,False,False,False,False,False,False,False,False,False,False,False,True,False,False,False,False,False,False,False,False,False,False,False,False
-0.6994984116005257,-0.4580672247365286,-0.3978787630087615,-0.2430148108769126,1.158053716380438,0.1313360713408332,-0.6125236948833517,-0.3152644161076689,-0.3118371666802689,1,1,False,False,False,False,False,False,True,False,False,False,True,False,False,False,False,False,False,False,False,False,False,False,False,False,False,False,False,False,False,False,True,False,False,False,False,False,False,False,False,False,False,False,False,False,False,False,False,False,False
-0.102322360986944,0.3469773330442218,-0.3978787630087615,-0.2430148108769126,-0.5601203344605792,-0.4105116459761482,-0.2244681819751091,-0.3152644161076689,-0.3118371666802689,1,1,False,False,False,False,False,False,True,False,False,False,True,False,True,False,False,False,False,False,True,False,False,False,False,False,False,False,False,False,False,False,False,False,False,False,False,False,True,False,False,False,False,False,False,False,False,False,False,False,False
-0.6994984116005257,-0.4580672247365286,-0.3978787630087615,-0.2430148108769126,-0.3816087447628111,-0.1556175903828663,-0.2244681819751091,-0.3152644161076689,2.688929681676642,0,0,False,False,False,False,False,True,False,False,False,False,True,True,False,False,False,False,False,False,True,False,False,False,False,False,False,False,False,False,False,False,True,False,False,False,False,False,False,False,False,False,False,False,False,False,False,False,False,False,False
-0.6994984116005257,-0.4580672247365286,-0.3978787630087615,-0.2430148108769126,-0.6047482318850211,-0.3580792638683651,1.268472464303397,-0.3152644161076689,-0.3118371666802689,0,0,False,False,False,False,False,True,False,False,False,False,True,False,False,False,False,False,False,False,False,False,False,False,False,False,False,False,False,False,False,False,False,False,True,False,False,False,False,False,False,False,False,False,False,False,False,False,False,False,False
1.9877938161605917,6.756134836649588,0.3817496219034494,-0.015880551943028,0.1092981269060509,-0.1012471137959585,-0.7489413797899936,1.4511077051845205,-0.3118371666802689,0,1,False,False,False,False,False,False,True,False,False,False,True,True,False,False,False,False,False,False,True,False,False,False,False,False,False,False,False,False,False,False,True,False,False,False,False,False,False,False,False,False,False,False,False,False,False,False,False,False,False
-0.6994984116005257,-0.4580672247365286,-0.3978787630087615,-0.2430148108769126,-0.5154924370361371,-0.4968433800803493,-0.1763088111823196,-0.3152644161076689,-0.3118371666802689,0,0,False,False,False,True,False,False,False,False,False,False,True,True,False,False,False,False,False,False,True,False,False,False,False,False,False,False,False,False,False,False,False,False,False,False,False,False,False,False,False,False,False,False,False,False,False,False,False,False,False
-0.6994984116005257,-0.4580672247365286,-0.3978787630087615,-0.2430148108769126,-0.4708645396116951,-0.4953898090912227,-0.3076525615290467,-0.3152644161076689,-0.3118371666802689,0,0,False,False,False,False,True,False,False,False,False,False,True,True,False,False,False,False,False,False,True,False,False,False,False,False,False,False,False,False,False,False,False,False,False,False,False,False,False,False,False,False,False,False,False,False,False,False,False,False,False
-0.4009103862937349,-0.3281776826646876,-0.3978787630087615,-0.2430148108769126,-0.3816087447628111,-0.5618832656726676,-0.5439540291441417,-0.0549611058301705,-0.3118371666802689,0,0,False,False,True,False,False,False,False,False,False,False,True,True,False,False,False,False,False,False,True,False,False,False,False,False,False,False,False,False,False,False,True,False,False,False,False,False,False,False,False,False,False,False,False,False,False,False,False,False,False
-0.4009103862937349,-0.3800698281349334,-0.3978787630087615,-0.2430148108769126,-0.4931784883239161,-0.5800084059582389,-0.5046681870491373,-0.3152644161076689,-0.3118371666802689,0,0,False,False,False,False,True,False,False,False,False,False,False,True,False,False,False,False,False,False,True,False,False,False,False,False,False,False,False,False,False,False,False,False,False,False,False,False,False,False,True,False,False,False,False,False,False,False,False,False,False
1.092029740240219,0.2375643183050814,1.9410063917278717,1.4465859518364128,-0.158469257640601,0.3965807614362804,-0.2433879394305018,1.0048933305580503,-0.3118371666802689,0,0,False,False,False,False,False,True,False,False,False,False,True,True,False,False,False,False,False,False,True,False,False,False,False,False,False,False,False,False,False,False,False,False,True,False,False,False,False,False,False,False,False,False,False,False,False,False,False,False,False
-0.6994984116005257,-0.4580672247365286,-0.3978787630087615,-0.2430148108769126,0.198553921754935,-0.1268057368483914,-0.5560269537214291,-0.3152644161076689,-0.3118371666802689,0,0,False,False,False,False,False,True,False,False,False,False,True,True,False,False,False,False,False,False,True,False,False,False,False,False,False,False,False,False,False,False,False,False,False,False,False,False,False,False,False,False,False,False,False,False,False,False,False,False,False
-0.6994984116005257,-0.4580672247365286,-0.3978787630087615,-0.2430148108769126,-0.13615530892838,-0.130764122131281,-0.7181017867804985,-0.3152644161076689,-0.3118371666802689,1,1,True,False,False,False,False,False,False,False,False,False,False,True,False,False,False,False,False,False,True,False,False,False,False,False,False,False,False,False,False,False,True,False,False,False,False,False,False,False,False,False,False,False,False,False,False,False,False,False,False
-0.6994984116005257,-0.4580672247365286,-0.3978787630087615,-0.2430148108769126,-0.5154924370361371,-0.4649167315691745,0.3052849617607319,-0.3152644161076689,-0.3118371666802689,0,0,False,False,False,True,False,False,False,False,False,False,True,True,False,False,False,False,False,False,True,False,False,False,False,False,False,False,False,False,False,False,False,False,False,False,False,False,False,False,False,False,False,True,False,False,False,False,False,False,False
1.9877938161605917,0.7466025657751091,0.3817496219034494,0.73389427209108,6.201006125342385,3.7694597767421874,-0.6296603466408938,-0.268865199088204,-0.3118371666802689,1,0,False,False,False,False,False,False,False,False,True,False,True,True,False,False,False,False,False,False,False,False,False,False,False,False,False,False,True,False,False,False,True,False,False,False,False,False,False,False,False,False,False,False,False,False,False,False,False,False,False
2.2863818414673824,1.303228214929193,5.059519931376715,1.9935623306694783,5.687785304961302,6.113575792332424,-0.7470321013439856,-0.2575650740884411,-0.3118371666802689,0,0,False,False,False,False,True,False,False,False,False,False,False,True,False,False,False,False,False,False,False,False,True,False,False,False,False,False,False,False,False,False,False,False,False,False,False,False,True,False,False,False,False,False,False,False,False,False,False,False,False
-0.102322360986944,-0.2296462775461426,-0.3978787630087615,-0.2430148108769126,-0.5601203344605792,-0.5545709136485224,0.3052849617607319,-0.3152644161076689,-0.3118371666802689,1,0,False,False,False,False,True,False,False,False,False,False,True,True,False,False,False,False,False,False,False,False,False,True,False,False,False,False,False,False,False,False,True,False,False,False,False,False,False,False,False,False,False,False,False,False,False,False,False,False,False
0.7934417149334283,0.1538409222259923,0.3817496219034494,0.0142495027872562,-0.180783206352822,-0.0724031233643116,-0.7245517021246807,3.1028108567296178,-0.3118371666802689,0,0,False,False,False,False,False,True,False,False,False,False,True,False,False,False,False,False,False,False,False,False,False,False,False,False,False,False,False,False,False,False,False,True,False,False,False,False,False,False,False,False,False,False,False,False,False,False,False,False,False
0.1962656643198467,-0.355927776824439,-0.3978787630087615,-0.2430148108769126,0.1316120756182719,0.741276086995565,-0.7047945927896414,-0.3152644161076689,1.6886740655576715,0,0,False,True,False,False,False,False,False,False,False,False,True,True,False,False,False,False,False,False,False,False,True,False,False,False,False,False,False,False,False,False,True,False,False,False,False,False,False,False,False,False,False,False,False,False,False,False,False,False,False
-0.6994984116005257,-0.4580672247365286,-0.3978787630087615,-0.2430148108769126,-0.6047482318850211,-0.4847475929208311,0.1848865131070393,-0.3152644161076689,-0.3118371666802689,0,0,False,False,False,False,False,True,False,False,False,False,True,True,False,False,False,False,False,False,True,False,False,False,False,False,False,False,False,False,False,False,False,False,False,False,False,False,False,False,False,False,False,False,False,False,False,False,False,False,False
0.7934417149334283,1.045054032628499,-0.3978787630087615,-0.2430148108769126,-0.5378063857483582,-0.4645879476722717,-0.6819822478500469,-0.3152644161076689,-0.3118371666802689,0,1,False,False,False,False,False,False,True,False,False,False,True,False,False,False,False,False,False,False,False,False,False,False,False,False,False,False,False,False,False,False,False,False,True,False,False,False,False,False,False,False,False,False,False,False,False,False,False,False,False
-0.6994984116005257,-0.4580672247365286,0.3817496219034494,-0.2430148108769126,-0.3146668986261481,-0.2903324731251405,-0.4424527126711808,-0.3152644161076689,-0.3118371666802689,0,1,False,False,False,False,False,False,True,False,False,False,False,True,False,False,False,False,False,False,False,False,True,False,False,False,False,False,False,False,False,False,True,False,False,False,False,False,False,False,False,False,False,False,False,False,False,False,False,False,False
-0.4009103862937349,-0.3566706091544548,-0.3978787630087615,-0.2430148108769126,0.577891049862692,0.4152758766529804,-0.3070864095412656,-0.3152644161076689,-0.3118371666802689,0,0,False,False,True,False,False,False,False,False,False,False,True,False,False,True,False,False,False,False,True,False,False,False,False,False,False,False,False,False,False,False,False,False,False,False,False,False,False,False,False,False,False,False,False,False,False,False,False,False,False
-0.6994984116005257,-0.4580672247365286,-0.3978787630087615,-0.2430148108769126,-0.4262366421872531,-0.4959089415873394,0.4349448195392998,-0.3152644161076689,-0.3118371666802689,0,0,False,False,False,False,False,True,False,False,False,False,True,True,False,False,False,False,False,False,True,False,False,False,False,False,False,False,False,False,False,False,False,True,False,False,False,False,False,False,False,False,False,False,False,False,False,False,False,False,False
-0.6994984116005257,-0.4580672247365286,-0.3978787630087615,-0.2430148108769126,-0.2254111037772641,-0.1683363365377245,2.32860417591439,-0.3152644161076689,-0.3118371666802689,0,0,False,False,False,False,False,True,False,False,False,False,True,False,True,False,False,False,False,False,True,False,False,False,False,False,False,False,False,False,False,False,False,False,False,False,False,False,False,False,False,False,False,True,False,False,False,False,False,False,False
0.4948536896266375,0.6249823395027648,-0.3978787630087615,-0.2430148108769126,-0.4485505908994741,-0.5319812338963477,-0.8625798991588669,-0.3152644161076689,-0.3118371666802689,0,0,False,False,False,False,False,False,False,True,False,False,True,False,False,False,False,False,False,False,False,False,False,False,False,False,False,False,False,False,False,False,True,False,False,False,False,False,False,False,False,False,False,False,False,False,False,False,False,False,False
1.6892057908538007,4.751601743988591,0.3817496219034494,-0.0969999301486005,3.1216812030558865,4.836806613976836,-0.5570528062131457,-0.1602114001915316,-0.3118371666802689,0,1,False,False,False,False,False,False,True,False,False,False,True,False,True,False,False,False,False,False,True,False,False,False,False,False,False,False,False,False,False,False,False,True,False,False,False,False,False,False,False,False,False,False,False,False,False,False,False,False,False
-0.6994984116005257,-0.4580672247365286,-0.3978787630087615,-0.2430148108769126,-0.5601203344605792,-0.5244612288737559,0.030088523174948,-0.3152644161076689,-0.3118371666802689,0,1,True,False,False,False,False,False,False,False,False,False,True,False,True,False,False,False,False,False,True,False,False,False,False,False,False,False,False,False,False,False,True,False,False,False,False,False,False,False,False,False,False,False,False,False,False,False,False,False,False
-0.102322360986944,-0.2533240586573412,1.1613780068156605,-0.1804370048504931,-0.2700390012017061,-0.4224084323627928,-0.1646219032642864,-0.3152644161076689,-0.3118371666802689,0,1,False,False,False,False,False,False,True,False,False,False,True,False,False,False,False,False,False,False,False,False,False,False,False,False,False,False,False,False,False,False,False,False,False,False,True,False,False,False,False,False,False,False,False,False,False,False,False,False,False
-0.6994984116005257,-0.4580672247365286,-0.3978787630087615,-0.2430148108769126,-0.6716900780216841,-0.5903910558805722,1.268472464303397,-0.3152644161076689,-0.3118371666802689,1,0,False,False,False,False,False,True,False,False,False,False,True,False,False,False,False,False,False,False,False,False,False,False,False,False,False,False,False,False,False,False,False,False,True,False,False,False,False,False,False,False,False,False,False,False,False,False,False,False,False
0.1962656643198467,0.0695294508471189,-0.3978787630087615,-0.2430148108769126,-0.2700390012017061,-0.4364077053067967,-0.8001916144934136,-0.3152644161076689,-0.3118371666802689,0,0,False,False,True,False,False,False,False,False,False,False,False,False,False,False,False,False,False,False,False,False,False,False,False,False,False,False,False,False,False,False,False,False,True,False,False,False,False,False,False,False,False,False,False,False,False,False,False,False,False
-0.6994984116005257,-0.4580672247365286,-0.3978787630087615,-0.2430148108769126,-0.5378063857483582,-0.0732053066243459,-0.2795074566892345,0.1664533244967928,-0.3118371666802689,1,1,False,False,False,False,False,False,True,False,False,False,True,False,False,False,False,False,False,False,False,False,False,False,False,False,True,False,False,False,False,False,False,False,False,False,False,False,False,False,False,True,False,False,False,False,False,False,False,False,False
-0.102322360986944,-0.1934332005525448,-0.3978787630087615,-0.2430148108769126,-0.046899514079496,-0.2448651186908938,-0.3755889796383774,0.93136108810293,-0.3118371666802689,0,1,True,False,False,False,False,False,False,False,False,False,True,True,False,False,False,False,False,False,True,False,False,False,False,False,False,False,False,False,False,False,False,False,False,False,False,False,False,False,False,False,False,False,False,False,False,False,False,False,False
-0.6994984116005257,-0.4580672247365286,-0.3978787630087615,-0.2430148108769126,-0.6270621805972422,-0.6038885007796054,1.268472464303397,-0.3152644161076689,-0.3118371666802689,0,0,False,False,False,False,True,False,False,False,False,False,True,True,False,False,False,False,False,False,True,False,False,False,False,False,False,False,False,False,False,False,False,False,False,False,False,False,False,False,True,False,False,False,False,False,False,False,False,False,False
0.4948536896266375,0.1881969185338316,0.3817496219034494,-0.1873900944089842,0.600204998574913,0.3226459938814122,-0.3924137970308843,1.1131128458616373,-0.3118371666802689,0,0,False,False,False,False,False,True,False,False,False,False,True,True,False,False,False,False,False,False,True,False,False,False,False,False,False,False,False,False,False,False,False,False,False,False,True,False,False,False,False,False,False,False,False,False,False,False,False,False,False
-0.4009103862937349,0.0879145514746378,-0.3978787630087615,-0.2430148108769126,0.153926024330493,0.7001694451653054,-0.775863787914195,-0.3152644161076689,-0.3118371666802689,0,1,True,False,False,False,False,False,False,False,False,False,True,True,False,False,False,False,False,False,True,False,False,False,False,False,False,False,False,False,False,False,True,False,False,False,False,False,False,False,False,False,False,False,False,False,False,False,False,False,False
-0.4009103862937349,0.4845870256198933,-0.3978787630087615,-0.2430148108769126,-0.180783206352822,0.1172713277944287,-0.7482013989439217,-0.3152644161076689,-0.3118371666802689,1,0,False,False,False,False,False,False,False,False,False,False,True,False,True,False,False,False,False,False,True,False,False,False,False,False,False,False,False,False,False,False,False,False,True,False,False,False,False,False,False,False,False,False,False,False,False,False,False,False,False
0.4948536896266375,0.0812290603373581,0.3817496219034494,3.4768881029158,-0.5154924370361371,0.3534956485587458,-0.3076525615290467,-0.3152644161076689,-0.3118371666802689,0,1,False,False,False,False,False,False,True,False,False,False,True,True,False,False,False,False,False,False,True,False,False,False,False,False,False,False,False,False,False,False,True,False,False,False,False,False,False,False,False,False,False,False,False,False,False,False,False,False,False
-0.6994984116005257,-0.4580672247365286,-0.3978787630087615,-0.2430148108769126,-0.2254111037772641,-0.171840480886512,-0.7955007709106847,-0.3152644161076689,-0.3118371666802689,0,1,True,False,False,False,False,False,False,False,False,False,True,True,False,False,False,False,False,False,True,False,False,False,False,False,False,False,False,False,False,False,False,False,False,False,False,False,False,False,True,False,False,False,False,False,False,False,False,False,False
-0.102322360986944,-0.3020724315333382,-0.3978787630087615,-0.2430148108769126,-0.113841360216159,-0.4011672610460483,-0.7492393009114156,-0.3152644161076689,-0.3118371666802689,0,1,False,False,False,False,False,False,True,False,False,False,False,False,False,False,False,False,False,True,True,False,False,False,False,False,False,False,False,False,False,False,True,False,False,False,False,False,False,False,False,False,False,False,False,False,False,False,False,False,False
-0.6994984116005257,-0.4580672247365286,-0.3978787630087615,-0.2430148108769126,-0.6047482318850211,-0.5556091786407558,-0.0318306771322322,-0.3152644161076689,-0.3118371666802689,0,0,False,False,False,False,False,False,False,True,False,False,True,True,False,False,False,False,False,False,False,False,True,False,False,False,False,False,False,False,False,False,True,False,False,False,False,False,False,False,False,False,False,False,False,False,False,False,False,False,False
-0.6994984116005257,-0.4580672247365286,-0.3978787630087615,-0.2430148108769126,-0.5601203344605792,-0.5440844372269658,1.8876644457034808,-0.3152644161076689,-0.3118371666802689,1,0,False,False,False,False,False,False,False,False,False,False,True,False,True,False,False,False,False,False,False,True,False,False,False,False,False,False,False,False,False,False,False,False,False,False,False,False,False,False,False,False,False,False,False,False,False,False,False,False,False
-0.6994984116005257,-0.4580672247365286,0.3817496219034494,0.4801065032061566,-0.5154924370361371,-0.4997159132082238,1.1817855882076884,-0.3152644161076689,4.689440913914583,1,0,False,False,False,False,False,True,False,False,False,False,True,False,True,False,False,False,False,False,True,False,False,False,False,False,False,False,False,False,False,False,False,False,True,False,False,False,False,False,False,False,False,False,False,False,False,False,False,False,False
-0.102322360986944,-0.1627913661733467,-0.3978787630087615,-0.2430148108769126,-0.6270621805972422,-0.6028502357873721,0.3149168272506022,-0.3152644161076689,1.6886740655576715,0,0,False,False,False,False,False,True,False,False,False,False,True,False,True,False,False,False,False,False,True,False,False,False,False,False,False,False,False,False,False,False,True,False,False,False,False,False,False,False,False,False,False,False,False,False,False,False,False,False,False
0.1962656643198467,-0.3165576623307773,-0.3978787630087615,-0.2430148108769126,0.9126002805460072,0.909123159152411,-0.4252407083465925,-0.0142275950234619,1.6886740655576715,0,0,False,False,False,False,False,True,False,False,False,False,True,True,False,False,False,False,False,False,False,False,False,True,False,False,False,False,False,False,False,False,False,True,False,False,False,False,False,False,False,False,False,False,False,False,False,False,False,False,False
0.1962656643198467,-0.2207322893631031,1.1613780068156605,0.0455384058004659,-0.3146668986261481,-0.0818921235529872,-0.0387105810535681,0.4406823710209074,-0.3118371666802689,1,0,False,False,False,False,True,False,False,False,False,False,True,False,True,False,False,False,False,False,True,False,False,False,False,False,False,False,False,False,False,False,False,True,False,False,False,False,False,False,False,False,False,False,False,False,False,False,False,False,False
-0.6994984116005257,-0.4580672247365286,-0.3978787630087615,-0.2430148108769126,0.1092981269060509,-0.3899280425051225,1.9596245868688276,-0.3152644161076689,-0.3118371666802689,1,0,False,False,True,False,False,False,False,False,False,False,True,False,True,False,False,False,False,False,True,False,False,False,False,False,False,False,False,False,False,False,False,True,False,False,False,False,False,False,False,False,False,False,False,False,False,False,False,False,False
0.1962656643198467,0.0377733679450408,-0.3978787630087615,-0.2430148108769126,-0.13615530892838,-0.2864204389505595,-0.0860099746920501,-0.3152644161076689,-0.3118371666802689,0,1,False,False,False,False,False,False,True,False,False,False,True,True,False,False,False,False,False,False,True,False,False,False,False,False,False,False,False,False,False,False,False,False,False,False,False,False,False,False,False,False,False,False,False,False,False,False,False,False,False
-0.6994984116005257,-0.4580672247365286,-0.3978787630087615,-0.2430148108769126,-0.3592947960505901,-0.3865104202563255,0.1171623911572669,-0.3152644161076689,-0.3118371666802689,0,0,False,False,False,False,False,True,False,False,False,False,True,False,False,False,False,False,False,False,False,False,False,False,False,False,False,False,False,False,False,False,False,True,False,False,False,False,False,False,False,False,False,False,False,False,False,False,False,False,False
-0.6994984116005257,-0.4580672247365286,-0.3978787630087615,-0.2430148108769126,-0.024585565367275,-0.3746222860952539,-0.059794194638343,-0.3152644161076689,-0.3118371666802689,0,0,False,False,True,False,False,False,False,False,False,False,True,True,False,False,False,False,False,False,True,False,False,False,False,False,False,False,False,False,False,False,False,False,True,False,False,False,False,False,False,False,False,False,False,False,False,False,False,False,False
-0.6994984116005257,-0.4580672247365286,-0.3978787630087615,-0.2430148108769126,-0.4485505908994741,-0.5526241667880849,0.0343884739616425,-0.3152644161076689,-0.3118371666802689,0,1,False,False,False,False,False,False,True,False,False,False,True,False,False,False,False,False,False,False,False,False,False,False,False,False,False,False,False,False,False,False,True,False,False,False,False,False,False,False,False,False,False,False,False,False,False,False,False,False,False
3.182145917387755,4.384271147798215,1.1613780068156605,-0.046937685327465,1.4481350496393113,0.8610088058999124,-0.3741223243817141,-0.3152644161076689,-0.3118371666802689,0,0,False,False,False,False,False,False,False,True,False,False,True,True,False,False,False,False,False,False,False,False,False,False,True,False,False,False,False,False,False,False,False,False,False,False,False,False,False,False,False,False,False,False,False,False,False,False,False,False,False
-0.4009103862937349,-0.3410711298341358,-0.3978787630087615,-0.2430148108769126,-0.4708645396116951,-0.4268643196038231,-0.4652650576107753,-0.3152644161076689,2.688929681676642,0,0,False,False,False,False,False,True,False,False,False,False,True,True,False,False,False,False,False,False,True,False,False,False,False,False,False,False,False,False,False,False,True,False,False,False,False,False,False,False,False,False,False,False,False,False,False,False,False,False,False
-0.6994984116005257,-0.4580672247365286,-0.3978787630087615,-0.2430148108769126,-0.6047482318850211,-0.5582048411213391,-0.0318306771322322,-0.3152644161076689,-0.3118371666802689,1,0,False,False,False,False,True,False,False,False,False,False,True,False,False,False,False,False,False,False,False,False,False,False,False,False,False,False,False,False,False,False,False,False,False,False,False,False,False,False,False,False,False,False,False,False,False,False,False,False,False
-0.4009103862937349,-0.2129325497029436,-0.3978787630087615,-0.2430148108769126,-0.6940040267339052,-0.6267303306087386,0.5460818373963982,-0.3152644161076689,-0.3118371666802689,0,0,False,False,False,False,False,False,False,False,True,False,False,False,False,False,False,False,False,False,False,False,False,False,False,False,False,False,False,False,False,False,False,False,False,True,False,False,False,False,False,False,False,False,False,False,False,False,False,False,False
-0.6994984116005257,-0.4580672247365286,-0.3978787630087615,-0.2430148108769126,-0.5601203344605792,-0.5474328418269182,0.1332871903535818,-0.3152644161076689,-0.3118371666802689,0,1,True,False,False,False,False,False,False,False,False,False,False,False,True,False,False,False,False,False,True,False,False,False,False,False,False,False,False,False,False,False,True,False,False,False,False,False,False,False,False,False,False,False,False,False,False,False,False,False,False
-0.6994984116005257,-0.4580672247365286,-0.3978787630087615,-0.2430148108769126,-0.6716900780216841,-0.6251729331203887,1.268472464303397,-0.3152644161076689,2.688929681676642,0,0,False,False,False,False,False,True,False,False,False,False,True,True,False,False,False,False,False,False,False,False,False,False,False,False,False,False,True,False,False,False,False,False,False,False,False,False,False,False,False,False,False,False,False,False,False,False,False,False,False
-0.102322360986944,-0.3939979346709325,-0.3978787630087615,-0.2430148108769126,-0.4485505908994741,0.1841546283254901,0.0319096627396856,1.4405342517556334,3.6891852977956128,0,0,False,False,False,False,False,True,False,False,False,False,True,True,False,False,False,False,False,False,True,False,False,False,False,False,False,False,False,False,False,False,False,False,False,False,False,False,False,False,False,False,False,False,False,False,False,False,False,False,False
0.1962656643198467,-0.126578289179749,-0.3978787630087615,-0.2430148108769126,-0.6716900780216841,-0.6199296949096104,-0.7181017867804985,-0.3152644161076689,-0.3118371666802689,0,0,False,False,False,False,False,False,False,False,True,False,False,False,False,False,False,False,False,False,False,False,False,False,False,False,False,False,False,False,False,False,False,False,False,True,False,False,False,False,False,False,False,False,False,False,False,False,False,False,False
-0.6994984116005257,-0.4580672247365286,0.3817496219034494,11.778877035754114,-0.2923529499139271,0.1006175573190061,0.1848865131070393,-0.3152644161076689,-0.3118371666802689,0,1,True,False,False,False,False,False,False,False,False,False,True,True,False,False,False,False,False,False,True,False,False,False,False,False,False,False,False,False,False,False,False,True,False,False,False,False,False,False,False,False,False,False,False,False,False,False,False,False,False
-0.6994984116005257,-0.4580672247365286,-0.3978787630087615,-0.2430148108769126,-0.6493761293094632,-0.618424210670872,1.990863091210396,-0.3152644161076689,-0.3118371666802689,0,1,True,False,False,False,False,False,False,False,False,False,True,True,False,False,False,False,False,False,False,False,True,False,False,False,False,False,False,False,False,False,False,True,False,False,False,False,False,False,False,False,False,False,False,False,False,False,False,False,False
0.7934417149334283,0.759713556541955,-0.3978787630087615,-0.2430148108769126,-0.4708645396116951,-0.4344133713354906,-0.8320172273750593,-0.3152644161076689,-0.3118371666802689,0,1,True,False,False,False,False,False,False,False,False,False,True,False,True,False,False,False,False,False,False,False,False,False,False,True,False,False,False,False,False,False,True,False,False,False,False,False,False,False,False,False,False,False,False,False,False,False,False,False,False
2.883557892080964,1.6673618326569406,0.3817496219034494,-0.0886562226784113,2.720030126235909,3.441126824801268,-0.4091825930297142,-0.3152644161076689,-0.3118371666802689,1,0,False,False,False,False,False,False,False,False,False,False,True,False,True,False,False,False,False,False,True,False,False,False,False,False,False,False,False,False,False,False,True,False,False,False,False,False,False,False,False,False,False,False,False,False,False,False,False,False,False
0.4948536896266375,0.0210596401018419,-0.3978787630087615,-0.2430148108769126,0.31012366531604,0.6455014973520029,0.1394862772217811,-0.3152644161076689,-0.3118371666802689,0,0,False,False,False,False,True,False,False,False,False,False,True,False,False,False,False,False,False,False,False,False,False,False,False,False,False,False,False,False,False,False,False,True,False,False,False,False,False,False,False,False,False,False,False,False,False,False,False,False,False
-0.6994984116005257,-0.4580672247365286,4.279891546464504,0.4325937245796448,1.0911118702437752,1.1729951170518944,-0.420831055318199,-0.3152644161076689,-0.3118371666802689,1,1,False,False,False,False,False,False,True,False,False,False,True,False,True,False,False,False,False,False,True,False,False,False,False,False,False,False,False,False,False,False,False,False,False,False,False,False,False,False,False,False,False,True,False,False,False,False,False,False,False
-0.4009103862937349,-0.1042933187221503,-0.3978787630087615,-0.2430148108769126,-0.5601203344605792,-0.5961534265874671,-0.3569064624911395,-0.3152644161076689,-0.3118371666802689,0,1,True,False,False,False,False,False,False,False,False,False,False,False,False,False,False,False,False,False,False,False,False,False,False,False,False,False,False,False,False,False,True,False,False,False,False,False,False,False,False,False,False,False,False,False,False,False,False,False,False
-0.6994984116005257,-0.4580672247365286,-0.3978787630087615,-0.2430148108769126,-0.3592947960505901,-0.1213548456391665,0.0945876766167697,-0.3152644161076689,-0.3118371666802689,0,0,False,False,False,False,False,True,False,False,False,False,True,True,False,False,False,False,False,False,True,False,False,False,False,False,False,False,False,False,False,False,False,False,False,False,False,False,False,False,False,False,False,False,False,False,False,False,False,False,False
-0.6994984116005257,-0.4580672247365286,-0.3978787630087615,-0.2430148108769126,-0.6493761293094632,-0.5685874910436723,1.990863091210396,-0.3152644161076689,-0.3118371666802689,0,0,False,False,False,False,True,False,False,False,False,False,True,True,False,False,False,False,False,False,True,False,False,False,False,False,False,False,False,False,False,False,False,False,False,False,False,False,False,False,True,False,False,False,False,False,False,False,False,False,False
-0.4009103862937349,-0.3313214552589364,-0.3978787630087615,-0.2430148108769126,-0.3592947960505901,-0.387366988874918,-0.6503776648307261,0.6387042556304103,-0.3118371666802689,0,0,False,False,False,False,False,True,False,False,False,False,True,True,False,False,False,False,False,False,True,False,False,False,False,False,False,False,False,False,False,False,False,False,True,False,False,False,False,False,False,False,False,False,False,False,False,False,False,False,False
-0.6994984116005257,-0.4580672247365286,-0.3978787630087615,-0.2430148108769126,1.158053716380438,1.9143460423610248,-0.2822113720566927,-0.3152644161076689,-0.3118371666802689,1,1,False,False,False,False,False,False,True,False,False,False,True,True,False,False,False,False,False,False,True,False,False,False,False,False,False,False,False,False,False,False,False,False,False,False,False,False,False,False,False,False,False,False,False,False,False,False,False,False,False
0.4948536896266375,0.2578374512138273,-0.3978787630087615,-0.2430148108769126,-0.4039226934750321,-0.4848773760448602,-0.627802950290229,-0.3152644161076689,-0.3118371666802689,1,0,False,False,False,False,False,True,False,False,False,False,True,False,False,False,False,False,False,False,False,False,False,False,False,False,True,False,False,False,False,False,False,False,True,False,False,False,False,False,False,False,False,False,False,False,False,False,False,False,False
-0.4009103862937349,-0.0758799813887121,0.3817496219034494,-0.0399845957689739,1.4481350496393113,1.615230610699286,-0.5999724537954871,-0.3152644161076689,-0.3118371666802689,1,0,False,False,True,False,False,False,False,False,False,False,True,True,False,False,False,False,False,False,False,False,True,False,False,False,False,False,False,False,False,False,True,False,False,False,False,False,False,False,False,False,False,False,False,False,False,False,False,False,False
-0.6994984116005257,-0.4580672247365286,-0.3978787630087615,-0.2430148108769126,-0.5378063857483582,-0.4543783418980063,-0.2795074566892345,0.433836145465265,-0.3118371666802689,1,1,False,False,False,False,False,False,True,False,False,False,False,False,False,False,False,False,False,False,True,False,False,False,False,False,False,False,False,False,False,False,False,False,False,False,False,False,True,False,False,False,False,False,False,False,False,False,False,False,False
0.1962656643198467,0.0043459122586429,2.7206347766400825,1.2884031643807414,1.6489605880493003,0.9175511708812332,-0.4556889751256726,0.6940045013352367,-0.3118371666802689,0,1,False,False,False,False,False,False,True,False,False,False,True,True,False,False,False,False,False,False,True,False,False,False,False,False,False,False,False,False,False,False,True,False,False,False,False,False,False,False,False,False,False,False,False,False,False,False,False,False,False
1.39061776554701,-0.1661341117419865,1.9410063917278717,1.164985824717525,0.510949203726029,0.4091812611485707,-0.3483065825894696,-0.2181495463234272,-0.3118371666802689,0,0,False,False,False,False,False,True,False,False,False,False,True,True,False,False,False,False,False,False,True,False,False,False,False,False,False,False,False,False,False,False,False,False,False,False,False,False,False,False,False,False,False,True,False,False,False,False,False,False,False
3.4807339426945454,1.1382794921904118,1.1613780068156605,0.5830122286718242,-0.024585565367275,-0.1928861122790815,-0.7401258879557547,1.4374747017357865,-0.3118371666802689,0,1,False,False,False,False,False,False,True,False,False,False,True,True,False,False,False,False,False,False,True,False,False,False,False,False,False,False,False,False,False,False,True,False,False,False,False,False,False,False,False,False,False,False,False,False,False,False,False,False,False
0.1962656643198467,-0.2185037923173433,2.7206347766400825,0.3201854433608625,2.2291232545670465,2.0166357001854567,-0.2515028279321353,-0.3152644161076689,-0.3118371666802689,1,1,False,False,False,False,False,False,True,False,False,False,True,True,False,False,False,False,False,False,True,False,False,False,False,False,False,False,False,False,False,False,True,False,False,False,False,False,False,False,False,False,False,False,False,False,False,False,False,False,False
-0.6994984116005257,-0.4580672247365286,-0.3978787630087615,-0.2430148108769126,-0.3146668986261481,-0.4134101357288285,1.6905006723121427,-0.3152644161076689,4.689440913914583,1,0,False,False,False,False,False,True,False,False,False,False,True,False,True,False,False,False,False,False,True,False,False,False,False,False,False,False,False,False,False,False,False,False,False,False,False,False,False,False,False,False,False,True,False,False,False,False,False,False,False
-0.6994984116005257,-0.4580672247365286,-0.3978787630087615,-0.2430148108769126,2.4076348442648148,0.6216955922747889,-0.8305883242529358,-0.3152644161076689,-0.3118371666802689,0,1,False,False,False,False,False,False,True,False,False,False,True,False,False,False,False,False,False,False,False,False,False,False,False,False,False,False,False,False,False,False,True,False,False,False,False,False,False,False,False,False,False,False,False,False,False,False,False,False,False
-0.6994984116005257,-0.4580672247365286,-0.3978787630087615,-0.2430148108769126,-0.6716900780216841,-0.6267303306087386,3.435644366696113,-0.3152644161076689,-0.3118371666802689,0,0,False,False,False,False,False,False,False,True,False,False,True,False,False,False,False,False,False,False,True,False,False,False,False,False,False,False,False,False,False,False,False,False,False,True,False,False,False,False,False,False,False,False,False,False,False,False,False,False,False
-0.102322360986944,-0.0399454665258343,-0.3978787630087615,-0.2430148108769126,1.6489605880493003,1.5241265725429536,-0.053363480437216,-0.0774839208919137,-0.3118371666802689,0,0,False,False,False,False,False,False,False,False,False,False,True,False,True,False,False,False,False,False,True,False,False,False,False,False,False,False,False,False,False,False,False,False,False,False,False,False,False,False,False,False,False,False,False,False,False,False,False,False,False
-0.4009103862937349,-0.4155864998017312,-0.3978787630087615,-0.2430148108769126,-0.2477250524894851,-0.0531408356494368,-0.582223532632081,-0.3152644161076689,-0.3118371666802689,0,1,True,False,False,False,False,False,False,False,False,False,True,True,False,False,False,False,False,False,True,False,False,False,False,False,False,False,False,False,False,False,False,False,False,False,False,False,False,False,False,False,False,False,False,False,False,False,False,False,False
-0.6994984116005257,-0.4580672247365286,-0.3978787630087615,-0.2430148108769126,-0.5824342831728001,-0.5005811340523894,-0.1763088111823196,-0.3152644161076689,-0.3118371666802689,0,0,False,True,False,False,False,False,False,False,False,False,True,True,False,False,False,False,False,False,False,False,True,False,False,False,False,False,False,False,False,False,False,False,False,False,False,False,False,False,False,False,False,False,False,False,False,False,False,False,False
-0.6994984116005257,-0.4580672247365286,-0.3978787630087615,-0.2430148108769126,-0.4485505908994741,-0.4968174234555435,0.907277140014038,-0.3152644161076689,-0.3118371666802689,1,1,True,False,False,False,False,False,False,False,False,False,True,False,False,False,False,False,False,False,False,False,False,False,False,False,False,False,False,False,False,False,False,True,False,False,False,False,False,False,False,False,False,False,False,False,False,False,False,False,False
-0.6994984116005257,-0.4580672247365286,-0.3978787630087615,-0.2430148108769126,-0.3146668986261481,-0.3721996677627384,-0.4171056868179859,-0.3152644161076689,-0.3118371666802689,0,0,False,False,False,False,False,False,False,False,True,False,True,True,False,False,False,False,False,False,True,False,False,False,False,False,False,False,False,False,False,False,False,False,False,False,False,False,False,False,False,False,False,True,False,False,False,False,False,False,False
-0.6994984116005257,-0.4580672247365286,-0.3978787630087615,-0.2430148108769126,-0.6493761293094632,-0.6189433431669887,0.5460818373963982,-0.3152644161076689,-0.3118371666802689,0,0,False,False,False,False,True,False,False,False,False,False,True,True,False,False,False,False,False,False,False,False,True,False,False,False,False,False,False,False,False,False,False,False,False,False,False,False,False,False,False,False,True,False,False,False,False,False,False,False,False
4.077909993308127,1.6683263356494582,1.9410063917278717,1.143431247086203,1.20268161380488,0.2134354038610572,-0.4209864198718815,-0.109250792334494,-0.3118371666802689,0,0,False,False,True,False,False,False,False,False,False,False,True,False,True,False,False,False,False,False,True,False,False,False,False,False,False,False,False,False,False,False,False,False,True,False,False,False,False,False,False,False,False,False,False,False,False,False,False,False,False
-0.6994984116005257,-0.4580672247365286,-0.3978787630087615,-0.2430148108769126,-0.6716900780216841,-0.6267303306087386,3.435644366696113,-0.3152644161076689,-0.3118371666802689,0,1,False,False,False,False,False,False,True,False,False,False,True,False,True,False,False,False,False,False,True,False,False,False,False,False,False,False,False,False,False,False,False,True,False,False,False,False,False,False,False,False,False,False,False,False,False,False,False,False,False
-0.4009103862937349,-0.4580672247365286,0.3817496219034494,0.3143912020852969,-0.069213462791717,-0.2323194166841033,-0.4792468055279713,-0.3152644161076689,-0.3118371666802689,1,1,False,False,False,False,False,False,True,False,False,False,True,True,False,False,False,False,False,False,True,False,False,False,False,False,False,False,False,False,False,False,True,False,False,False,False,False,False,False,False,False,False,False,False,False,False,False,False,False,False
0.4948536896266375,0.3126213367363825,-0.3978787630087615,-0.2430148108769126,-0.6493761293094632,-0.4826710629363644,-0.6579025624536522,-0.3152644161076689,-0.3118371666802689,0,0,False,False,False,False,False,True,False,False,False,False,False,False,True,False,False,False,False,False,False,True,False,False,False,False,False,False,False,False,False,False,True,False,False,False,False,False,False,False,False,False,False,False,False,False,False,False,False,False,False
-0.102322360986944,-0.2786732125528596,-0.3978787630087615,-0.2430148108769126,-0.4708645396116951,-0.511223350222781,-0.5652883845180233,-0.3152644161076689,-0.3118371666802689,1,0,False,False,False,False,False,False,False,False,False,False,True,True,False,False,False,False,False,False,True,False,False,False,False,False,False,False,False,False,False,False,False,False,True,False,False,False,False,False,False,False,False,False,False,False,False,False,False,False,False
2.883557892080964,0.7545088431935354,2.7206347766400825,6.777751483665755,0.1316120756182719,0.2241638380755364,-0.2134023638525826,-0.0349221414010538,-0.3118371666802689,1,0,False,False,False,False,False,False,False,False,True,False,True,False,True,False,False,False,False,False,True,False,False,False,False,False,False,False,False,False,False,False,False,False,False,False,False,False,False,False,False,False,False,False,False,False,False,False,False,False,False
3.4807339426945454,1.8606839513766087,-0.3978787630087615,-0.2430148108769126,1.2919374086537645,3.5390531589409964,-0.2041586821938689,0.2319145730933111,-0.3118371666802689,0,0,False,False,False,False,False,False,False,False,True,False,True,False,True,False,False,False,False,False,True,False,False,False,False,False,False,False,False,False,False,False,True,False,False,False,False,False,False,False,False,False,False,False,False,False,False,False,False,False,False
-0.6994984116005257,-0.4580672247365286,-0.3978787630087615,-0.2430148108769126,-0.6270621805972422,-0.5811115625124869,-0.3207869235606879,-0.3152644161076689,-0.3118371666802689,1,1,False,False,False,False,False,False,True,False,False,False,True,False,False,False,False,False,False,False,False,False,False,False,False,False,False,False,False,False,False,False,False,False,False,False,False,False,False,False,True,False,False,False,False,False,False,False,False,False,False
-0.6994984116005257,-0.4580672247365286,-0.3978787630087615,-0.2430148108769126,-0.13615530892838,-0.4511424160228501,0.7975293443615304,-0.3152644161076689,-0.3118371666802689,1,0,False,False,False,False,False,True,False,False,False,False,True,True,False,False,False,False,False,False,True,False,False,False,False,False,False,False,False,False,False,False,True,False,False,False,False,False,False,False,False,False,False,False,False,False,False,False,False,False,False
1.39061776554701,-0.0903652121861512,-0.3978787630087615,-0.2430148108769126,-0.5824342831728001,-0.5506774199276474,-0.5046681870491373,-0.3152644161076689,-0.3118371666802689,0,1,False,False,False,False,False,False,True,False,False,False,False,True,False,False,False,False,False,False,False,False,True,False,False,False,False,False,False,False,False,False,True,False,False,False,False,False,False,False,False,False,False,False,False,False,False,False,False,False,False
-0.6994984116005257,-0.4580672247365286,-0.3978787630087615,-0.2430148108769126,-0.6493761293094632,-0.619981608159222,2.713253739789114,-0.3152644161076689,-0.3118371666802689,0,0,False,True,False,False,False,False,False,False,False,False,True,True,False,False,False,False,False,False,False,False,True,False,False,False,False,False,False,False,False,False,False,False,False,False,False,False,False,False,False,False,False,False,False,False,False,False,False,False,False
1.39061776554701,0.5294355286658107,-0.3978787630087615,-0.2430148108769126,-0.4262366421872531,-0.4721153688659633,-0.4343054682930447,-0.3152644161076689,-0.3118371666802689,1,1,False,False,False,False,False,False,True,False,False,False,False,False,False,False,False,False,False,False,True,False,False,False,False,False,False,False,False,False,False,False,True,False,False,False,False,False,False,False,False,False,False,False,False,False,False,False,False,False,False
0.7934417149334283,0.538739503831858,0.3817496219034494,-0.2012962735259663,0.0200423320571669,-0.0984732154789534,-0.6420606658774756,-0.3152644161076689,-0.3118371666802689,0,1,False,False,False,False,False,False,True,False,False,False,True,False,True,False,False,False,False,False,True,False,False,False,False,False,False,False,False,False,False,False,False,True,False,False,False,False,False,False,False,False,False,False,False,False,False,False,False,False,False
2.5849698667741734,3.8425341275198,1.1613780068156605,1.2461052031316906,0.153926024330493,-0.0959308372769041,-0.6308129136737433,2.444762453564689,-0.3118371666802689,0,0,False,False,False,False,False,True,False,False,False,False,True,False,True,False,False,False,False,False,True,False,False,False,False,False,False,False,False,False,False,False,True,False,False,False,False,False,False,False,False,False,False,False,False,False,False,False,False,False,False
2.2863818414673824,1.0698460622625774,3.500263161552293,1.4796131272392454,0.6448328959993551,0.5503148460255928,-0.7827776514192414,2.2622421160535886,-0.3118371666802689,0,1,False,False,False,False,False,False,True,False,False,False,True,True,False,False,False,False,False,False,True,False,False,False,False,False,False,False,False,False,False,False,True,False,False,False,False,False,False,False,False,False,False,False,False,False,False,False,False,False,False
-0.4009103862937349,-0.3132149167621375,0.3817496219034494,0.1394051148400951,-0.4485505908994741,-0.3894867798834233,-0.0215108212502283,-0.3152644161076689,-0.3118371666802689,1,0,False,False,False,False,True,False,False,False,False,False,True,True,False,False,False,False,False,False,True,False,False,False,False,False,False,False,False,False,False,False,False,False,False,False,True,False,False,False,False,False,False,False,False,False,False,False,False,False,False
-0.6994984116005257,-0.4580672247365286,-0.3978787630087615,-0.2430148108769126,-0.6716900780216841,-0.624653800624272,1.268472464303397,-0.3152644161076689,-0.3118371666802689,0,1,False,False,False,False,False,False,True,False,False,False,True,True,False,False,False,False,False,False,True,False,False,False,False,False,False,False,False,False,False,False,True,False,False,False,False,False,False,False,False,False,False,False,False,False,False,False,False,False,False
-0.6994984116005257,-0.4580672247365286,-0.3978787630087615,-0.2430148108769126,-0.4485505908994741,-0.5395160712611391,0.4858826130695519,-0.3152644161076689,-0.3118371666802689,0,1,False,False,False,False,False,False,True,False,False,False,True,True,False,False,False,False,False,False,True,False,False,False,False,False,False,False,False,False,False,False,False,False,False,False,False,False,False,False,False,False,False,False,False,False,False,False,False,False,False
-0.6994984116005257,-0.4580672247365286,-0.3978787630087615,-0.2430148108769126,-0.5824342831728001,-0.5235527470055518,-0.3930260014215911,-0.3152644161076689,-0.3118371666802689,1,1,False,False,False,False,False,False,True,False,False,False,True,True,False,False,False,False,False,False,False,False,False,True,False,False,False,False,False,False,False,False,False,True,False,False,False,False,False,False,False,False,False,False,False,False,False,False,False,False,False
-0.6994984116005257,-0.4580672247365286,-0.3978787630087615,-0.2430148108769126,-0.6047482318850211,-0.6043038067764988,1.70190684478194,-0.3152644161076689,-0.3118371666802689,1,0,False,False,True,False,False,False,False,False,False,False,True,True,False,False,False,False,False,False,True,False,False,False,False,False,False,False,False,False,False,False,False,False,False,False,False,False,False,False,False,False,False,True,False,False,False,False,False,False,False
-0.4009103862937349,-0.4079260412069316,-0.3978787630087615,-0.2430148108769126,-0.3816087447628111,-0.2694719990068237,-0.6407027809785933,1.9664265401203784,-0.3118371666802689,0,1,True,False,False,False,False,False,False,False,False,False,False,False,False,False,False,False,False,False,False,False,False,False,False,False,False,False,False,False,False,False,True,False,False,False,False,False,False,False,False,False,False,False,False,False,False,False,False,False,False
-0.6994984116005257,-0.4580672247365286,-0.3978787630087615,-0.2430148108769126,-0.3146668986261481,-0.3768199469781767,1.086537039450949,-0.3152644161076689,-0.3118371666802689,0,0,False,False,False,False,False,False,False,False,False,False,True,False,True,False,False,False,False,False,True,False,False,False,False,False,False,False,False,False,False,False,False,True,False,False,False,False,False,False,False,False,False,False,False,False,False,False,False,False,False
-0.6994984116005257,-0.4580672247365286,-0.3978787630087615,-0.2430148108769126,-0.5601203344605792,-0.4420922061392742,-0.0731101440036858,-0.3152644161076689,4.689440913914583,1,0,False,False,False,False,False,True,False,False,False,False,True,False,False,False,False,False,False,False,False,False,False,False,False,False,False,False,False,False,False,False,True,False,False,False,False,False,False,False,False,False,False,False,False,False,False,False,False,False,False
1.092029740240219,0.1207848828995958,1.9410063917278717,0.1060302849593381,-0.5154924370361371,0.2864583390665915,-0.363280505147019,-0.3152644161076689,-0.3118371666802689,0,0,False,False,False,False,False,False,False,False,True,False,True,False,False,False,False,False,False,False,False,False,False,False,False,False,False,False,False,False,False,False,False,False,False,True,False,False,False,False,False,False,False,False,False,False,False,False,False,False,False
0.7934417149334283,-0.2526740803337571,-0.3978787630087615,-0.2430148108769126,2.028297716157057,1.391045968216042,-0.561416016747671,-0.3152644161076689,-0.3118371666802689,0,0,False,False,False,True,False,False,False,False,False,False,True,True,False,False,False,False,False,False,True,False,False,False,False,False,False,False,False,False,False,False,False,False,True,False,False,False,False,False,False,False,False,False,False,False,False,False,False,False,False
2.5849698667741734,0.7982479848105941,5.059519931376715,1.5526205676034013,0.176239973042714,0.0755694143813771,-0.5577310660034376,-0.3152644161076689,-0.3118371666802689,1,1,True,False,False,False,False,False,False,False,False,False,True,False,True,False,False,False,False,False,True,False,False,False,False,False,False,False,False,False,False,False,True,False,False,False,False,False,False,False,False,False,False,False,False,False,False,False,False,False,False
-0.102322360986944,-0.3967835559781323,-0.3978787630087615,-0.2430148108769126,-0.6270621805972422,-0.6189433431669887,-0.0318306771322322,-0.3152644161076689,-0.3118371666802689,0,0,False,False,False,False,False,False,False,False,False,False,True,True,False,False,False,False,False,False,False,False,False,False,False,False,False,False,True,False,False,False,False,False,False,False,False,False,False,False,False,False,False,False,False,False,False,False,False,False,False
-0.102322360986944,-0.0810798078102476,0.3817496219034494,-0.1248122883825647,-0.5601203344605792,-0.4927941466106394,-0.4171056868179859,-0.3152644161076689,-0.3118371666802689,0,0,False,False,False,False,False,True,False,False,False,False,True,False,False,False,False,False,False,False,False,False,False,False,False,False,False,False,False,False,False,False,False,False,True,False,False,False,False,False,False,False,False,False,False,False,False,False,False,False,False
-0.6994984116005257,-0.4580672247365286,-0.3978787630087615,-0.2430148108769126,-0.3592947960505901,-0.4794264848356353,-0.3569064624911395,-0.3152644161076689,-0.3118371666802689,0,1,False,False,False,False,False,False,True,False,False,False,True,True,False,False,False,False,False,False,True,False,False,False,False,False,False,False,False,False,False,False,False,False,False,False,False,False,False,False,False,True,False,False,False,False,False,False,False,False,False
-0.6994984116005257,-0.4580672247365286,-0.3978787630087615,-0.2430148108769126,0.0200423320571669,0.0609212261287069,0.052059853714381,-0.3152644161076689,0.6884184494387015,0,0,False,False,False,False,False,True,False,False,False,False,True,True,False,False,False,False,False,False,True,False,False,False,False,False,False,False,False,False,False,False,False,False,True,False,False,False,False,False,False,False,False,False,False,False,False,False,False,False,False
-0.6994984116005257,-0.4580672247365286,-0.3978787630087615,-0.2430148108769126,-0.203097155065043,-0.4940198761095912,-0.7804900714459517,-0.3152644161076689,-0.3118371666802689,0,0,False,False,False,False,False,True,False,False,False,False,True,False,True,False,False,False,False,False,True,False,False,False,False,False,False,False,False,False,False,False,True,False,False,False,False,False,False,False,False,False,False,False,False,False,False,False,False,False,False
-0.6994984116005257,-0.4580672247365286,-0.3978787630087615,-0.2430148108769126,0.5332631524382501,0.0453578810021974,-0.1736332857667826,-0.3152644161076689,-0.3118371666802689,0,0,False,False,False,False,False,False,False,False,False,False,True,False,False,False,False,False,False,False,False,False,False,False,False,False,False,False,False,False,False,False,False,True,False,False,False,False,False,False,False,False,False,False,False,False,False,False,False,False,False
-0.4009103862937349,-0.3566706091544548,-0.3978787630087615,-0.2430148108769126,-0.7163179754461262,-0.6267303306087386,0.5460818373963982,-0.3152644161076689,-0.3118371666802689,0,0,False,False,False,False,False,False,False,True,False,False,False,True,False,False,False,False,False,False,False,False,True,False,False,False,False,False,False,False,False,False,False,False,False,True,False,False,False,False,False,False,False,False,False,False,False,False,False,False,False
1.092029740240219,-0.0272244625748592,0.3817496219034494,0.120863542660942,-0.5824342831728001,-0.5609735477499902,-0.5375041137999595,-0.3152644161076689,-0.3118371666802689,0,0,False,False,False,False,True,False,False,False,False,False,True,False,False,False,False,False,False,False,False,False,False,False,False,False,False,False,False,False,False,False,True,False,False,False,False,False,False,False,False,False,False,False,False,False,False,False,False,False,False
-0.6994984116005257,-0.4580672247365286,-0.3978787630087615,-0.2430148108769126,0.0869841781938299,-0.2232514529363794,-0.5071178498090069,-0.3152644161076689,4.689440913914583,1,0,False,False,False,False,False,True,False,False,False,False,True,False,False,False,False,False,False,False,False,False,False,False,False,False,False,False,False,False,False,False,False,True,False,False,False,False,False,False,False,False,False,False,False,False,False,False,False,False,False
-0.6994984116005257,-0.4580672247365286,-0.3978787630087615,-0.2430148108769126,-0.2700390012017061,-0.4704714492776228,0.5460818373963982,-0.3152644161076689,-0.3118371666802689,0,1,True,False,False,False,False,False,False,False,False,False,True,False,False,False,False,False,False,False,False,False,False,False,False,False,False,False,False,False,False,False,True,False,False,False,False,False,False,False,False,False,False,False,False,False,False,False,False,False,False
1.6892057908538007,-0.3108935656542335,0.3817496219034494,2.475643206493088,0.6448328959993551,-0.0879709179754452,-0.3110676993714323,-0.3152644161076689,2.688929681676642,0,0,False,False,False,False,False,True,False,False,False,False,True,True,False,False,False,False,False,False,False,False,False,True,False,False,False,False,False,False,False,False,True,False,False,False,False,False,False,False,False,False,False,False,False,False,False,False,False,False,False
-0.6994984116005257,-0.4580672247365286,-0.3978787630087615,-0.2430148108769126,-0.2923529499139271,-0.3483368773406047,0.5786708799240999,-0.3152644161076689,-0.3118371666802689,0,0,False,False,False,False,False,True,False,False,False,False,True,True,False,False,False,False,False,False,True,False,False,False,False,False,False,False,False,False,False,False,False,False,False,False,True,False,False,False,False,False,False,False,False,False,False,False,False,False,False
0.4948536896266375,-0.1776480131636499,-0.3978787630087615,-0.2430148108769126,-0.6493761293094632,-0.6120215765538303,-0.5375041137999595,-0.3152644161076689,-0.3118371666802689,0,1,True,False,False,False,False,False,False,False,False,False,True,True,False,False,False,False,False,False,True,False,False,False,False,False,False,False,False,False,False,False,False,False,False,False,False,False,False,False,True,False,False,False,False,False,False,False,False,False,False
-0.6994984116005257,-0.4580672247365286,-0.3978787630087615,-0.2430148108769126,0.421693408877145,-0.1727984039472946,-0.1510251317638315,-0.3152644161076689,-0.3118371666802689,0,1,False,False,False,False,False,False,True,False,False,False,True,True,False,False,False,False,False,False,True,False,False,False,False,False,False,False,False,False,False,False,True,False,False,False,False,False,False,False,False,False,False,False,False,False,False,False,False,False,False
-0.6994984116005257,-0.4580672247365286,-0.3978787630087615,-0.2430148108769126,1.3588792547904271,0.5380299466847267,-0.2160005862463612,-0.3152644161076689,-0.3118371666802689,0,0,False,False,False,False,True,False,False,False,False,False,True,True,False,False,False,False,False,False,False,False,True,False,False,False,False,False,False,False,False,False,False,False,False,False,False,False,False,False,False,False,False,False,False,False,False,False,False,False,False
-0.6994984116005257,-0.4580672247365286,-0.3978787630087615,-0.2430148108769126,-0.4708645396116951,-0.5306908188271559,0.283394336702944,-0.3152644161076689,2.688929681676642,0,0,False,False,False,False,False,True,False,False,False,False,True,True,False,False,False,False,False,False,True,False,False,False,False,False,False,False,False,False,False,False,False,False,False,False,True,False,False,False,False,False,False,False,False,False,False,False,False,False,False
1.9877938161605917,1.5043101319564691,-0.3978787630087615,-0.2430148108769126,0.377065511452703,0.5511297412830596,-0.5214510046501757,-0.3152644161076689,-0.3118371666802689,0,0,False,False,False,False,False,False,False,False,False,False,True,False,False,False,False,False,False,False,True,False,False,False,False,False,False,False,False,False,False,False,True,False,False,False,False,False,False,False,False,False,False,False,False,False,False,False,False,False,False
-0.6994984116005257,-0.4580672247365286,-0.3978787630087615,-0.2430148108769126,-0.2700390012017061,-0.2922013501111605,-0.7301416186428363,-0.3152644161076689,-0.3118371666802689,0,0,False,False,False,False,True,False,False,False,False,False,True,False,False,False,False,False,False,False,False,False,False,False,False,False,False,False,False,False,False,False,False,True,False,False,False,False,False,False,False,False,False,False,False,False,False,False,False,False,False
0.1962656643198467,0.0745435692000786,-0.3978787630087615,-0.2430148108769126,-0.4931784883239161,-0.4517307661678112,-0.26660762600087,-0.3152644161076689,-0.3118371666802689,0,0,False,False,True,False,False,False,False,False,False,False,True,False,False,False,False,False,False,False,False,False,False,False,False,False,False,False,False,False,False,False,False,True,False,False,False,False,False,False,False,False,False,False,False,False,False,False,False,False,False
1.39061776554701,-0.1042933187221503,3.500263161552293,0.4540324173618152,0.667146844711576,0.1899862165254897,-0.7991266662205778,-0.3152644161076689,-0.3118371666802689,1,0,False,False,False,False,True,False,False,False,False,False,True,True,False,False,False,False,False,False,True,False,False,False,False,False,False,False,False,False,False,False,False,True,False,False,False,False,False,False,False,False,False,False,False,False,False,False,False,False,False
-0.4009103862937349,-0.3967835559781323,0.3817496219034494,-0.1734839152920021,0.934914229258228,1.1835494243636586,-0.6923963540380859,-0.3152644161076689,-0.3118371666802689,1,1,False,False,False,False,False,False,True,False,False,False,True,False,True,False,False,False,False,False,True,False,False,False,False,False,False,False,False,False,False,False,False,True,False,False,False,False,False,False,False,False,False,False,False,False,False,False,False,False,False
0.1962656643198467,0.2824623435694737,2.7206347766400825,1.2366026471699831,0.0869841781938299,0.0667130139976268,-0.1513691269598983,0.2740444050504372,-0.3118371666802689,0,1,False,False,False,False,False,False,True,False,False,False,True,True,False,False,False,False,False,False,False,False,False,False,False,True,False,False,False,False,False,False,True,False,False,False,False,False,False,False,False,False,False,False,False,False,False,False,False,False,False
1.092029740240219,0.2338811079719088,-0.3978787630087615,-0.2430148108769126,-0.6047482318850211,-0.5776203964761023,-0.4171056868179859,-0.3152644161076689,-0.3118371666802689,0,1,False,False,False,False,False,False,True,False,False,False,False,False,False,False,False,False,False,False,False,False,False,False,False,False,False,False,False,False,False,False,False,False,False,True,False,False,False,False,False,False,False,False,False,False,False,False,False,False,False
-0.6994984116005257,-0.4580672247365286,-0.3978787630087615,-0.2430148108769126,-0.5378063857483582,-0.1821366087088548,-0.2795074566892345,2.0475800208488644,2.688929681676642,0,0,False,False,False,False,False,True,False,False,False,False,True,True,False,False,False,False,False,False,False,False,True,False,False,False,False,False,False,False,False,False,False,False,False,True,False,False,False,False,False,False,False,False,False,False,False,False,False,False,False
-0.102322360986944,1.0461682811513788,1.9410063917278717,1.3457661532382923,-0.4262366421872531,0.6456634173732042,-0.4343054682930447,1.9235212829128037,-0.3118371666802689,0,1,False,False,False,False,False,False,True,False,False,False,True,True,False,False,False,False,False,False,True,False,False,False,False,False,False,False,False,False,False,False,True,False,False,False,False,False,False,False,False,False,False,False,False,False,False,False,False,False,False
0.4948536896266375,-0.1869334174838411,-0.3978787630087615,-0.2430148108769126,0.75640263956046,0.6379315457094346,-0.1497097017625172,0.3225729658332529,-0.3118371666802689,0,1,False,False,False,False,False,False,True,False,False,False,True,True,False,False,False,False,False,False,True,False,False,False,False,False,False,False,False,False,False,False,False,False,False,False,True,False,False,False,False,False,False,False,False,False,False,False,False,False,False
-0.102322360986944,-0.4469247395077292,1.9410063917278717,1.5717415638892518,-0.4931784883239161,-0.4808540991999561,0.030088523174948,-0.3152644161076689,-0.3118371666802689,0,0,False,False,False,False,True,False,False,False,False,False,True,True,False,False,False,False,False,False,True,False,False,False,False,False,False,False,False,False,False,False,True,False,False,False,False,False,False,False,False,False,False,False,False,False,False,False,False,False,False
-0.4009103862937349,-0.4079260412069316,-0.3978787630087615,-0.2430148108769126,-0.4262366421872531,-0.1808820385445149,0.2106861744837679,-0.3152644161076689,-0.3118371666802689,0,1,False,False,False,False,False,False,True,False,False,False,True,False,False,False,False,False,False,False,False,False,False,False,False,False,False,False,False,False,False,False,False,False,False,False,False,False,False,False,False,True,False,False,False,False,False,False,False,False,False
-0.6994984116005257,-0.4580672247365286,-0.3978787630087615,-0.2430148108769126,-0.5601203344605792,-0.6049267657718388,0.9588764844392144,-0.3152644161076689,-0.3118371666802689,1,1,True,False,False,False,False,False,False,False,False,False,True,True,False,False,False,False,False,False,False,False,True,False,False,False,False,False,False,False,False,False,False,False,False,False,False,False,False,False,False,False,False,False,False,False,False,False,False,False,False
-0.6994984116005257,-0.4580672247365286,-0.3978787630087615,-0.2430148108769126,-0.5824342831728001,0.4204464363143024,-0.6579025624536522,-0.3152644161076689,3.6891852977956128,0,0,False,True,False,False,False,False,False,False,False,False,True,True,False,False,False,False,False,False,True,False,False,False,False,False,False,False,False,False,False,False,False,True,False,False,False,False,False,False,False,False,False,False,False,False,False,False,False,False,False
-0.6994984116005257,-0.4580672247365286,-0.3978787630087615,-0.2430148108769126,-0.6493761293094632,-0.501100266548506,1.990863091210396,-0.3152644161076689,-0.3118371666802689,0,0,False,False,False,False,False,True,False,False,False,False,True,False,True,False,False,False,False,False,True,False,False,False,False,False,False,False,False,False,False,False,False,True,False,False,False,False,False,False,False,False,False,False,False,False,False,False,False,False,False
-0.6994984116005257,-0.4580672247365286,-0.3978787630087615,-0.2430148108769126,-0.113841360216159,-0.4086946822397398,-0.7319939004678113,-0.3152644161076689,-0.3118371666802689,1,0,False,False,False,False,False,True,False,False,False,False,True,True,False,False,False,False,False,False,True,False,False,False,False,False,False,False,False,False,False,False,False,False,False,False,False,False,False,False,False,False,False,False,False,False,False,False,False,False,False
-0.6994984116005257,-0.4580672247365286,-0.3978787630087615,-0.2430148108769126,-0.6493761293094632,-0.6267303306087386,3.435644366696113,-0.3152644161076689,0.6884184494387015,0,0,False,False,False,False,False,True,False,False,False,False,True,False,True,False,False,False,False,False,True,False,False,False,False,False,False,False,False,False,False,False,False,False,True,False,False,False,False,False,False,False,False,False,False,False,False,False,False,False,False
0.7934417149334283,0.8247113872289925,1.1613780068156605,0.6956522795193792,-0.113841360216159,-0.3581348852294833,-0.6503776648307261,1.2897622896391947,-0.3118371666802689,1,0,False,False,False,False,False,True,False,False,False,False,False,True,False,False,False,False,False,False,True,False,False,False,False,False,False,False,False,False,False,False,True,False,False,False,False,False,False,False,False,False,False,False,False,False,False,False,False,False,False
-0.102322360986944,-0.2848015794286992,1.9410063917278717,-0.0260784166519918,-0.3146668986261481,-0.2151966965378264,0.1440557375062571,0.1413436359125507,-0.3118371666802689,0,0,False,False,False,True,False,False,False,False,False,False,True,True,False,False,False,False,False,False,False,False,False,True,False,False,False,False,False,False,False,False,False,False,False,False,False,False,False,False,False,False,False,False,False,False,False,False,False,False,True
-0.6994984116005257,-0.4580672247365286,-0.3978787630087615,-0.2430148108769126,-0.4931784883239161,-0.5465243599587141,-0.6819822478500469,-0.3152644161076689,0.6884184494387015,0,0,False,False,False,False,False,True,False,False,False,False,False,True,False,False,False,False,False,False,True,False,False,False,False,False,False,False,False,False,False,False,False,False,False,False,False,False,False,False,False,False,False,True,False,False,False,False,False,False,False
0.4948536896266375,0.4918296410186129,-0.3978787630087615,-0.2430148108769126,-0.2700390012017061,-0.0801703344536219,-0.5565143940257152,-0.3152644161076689,-0.3118371666802689,0,1,False,False,False,False,False,False,True,False,False,False,False,False,False,False,False,False,False,False,False,False,False,False,False,False,False,False,False,False,False,False,False,True,False,False,False,False,False,False,False,False,False,False,False,False,False,False,False,False,False
-0.6994984116005257,-0.4580672247365286,-0.3978787630087615,-0.2430148108769126,0.0869841781938299,-0.2989984231597077,0.1394024293408775,-0.3152644161076689,3.6891852977956128,0,0,False,False,False,False,False,True,False,False,False,False,True,True,False,False,False,False,False,False,True,False,False,False,False,False,False,False,False,False,False,False,False,False,False,False,True,False,False,False,False,False,False,False,False,False,False,False,False,False,False
-0.6994984116005257,-0.4580672247365286,-0.3978787630087615,-0.2430148108769126,-0.6493761293094632,-0.5927271521130971,1.268472464303397,-0.3152644161076689,-0.3118371666802689,0,1,False,False,False,False,False,False,True,False,False,False,True,False,True,False,False,False,False,False,True,False,False,False,False,False,False,False,False,False,False,False,False,False,False,False,False,False,False,False,False,False,False,True,False,False,False,False,False,False,False
-0.6994984116005257,-0.4580672247365286,-0.3978787630087615,-0.2430148108769126,-0.2700390012017061,-0.3526283726591402,-0.7361615454098648,1.3385994302032302,2.688929681676642,0,0,False,False,False,False,False,True,False,False,False,False,False,True,False,False,False,False,False,False,True,False,False,False,False,False,False,False,False,False,False,False,False,False,True,False,False,False,False,False,False,False,False,False,False,False,False,False,False,False,False
-0.6994984116005257,-0.4580672247365286,-0.3978787630087615,-0.2430148108769126,-0.6493761293094632,-0.5981780433223222,0.5460818373963982,-0.3152644161076689,-0.3118371666802689,0,0,False,False,False,False,True,False,False,False,False,False,True,True,False,False,False,False,False,False,True,False,False,False,False,False,False,False,False,False,False,False,False,False,False,False,False,False,False,False,True,False,False,False,False,False,False,False,False,False,False
-0.102322360986944,-0.2500741671508455,-0.3978787630087615,-0.2430148108769126,-0.024585565367275,0.1794218702295157,-0.7181017867804985,-0.3152644161076689,-0.3118371666802689,0,0,False,False,False,False,False,True,False,False,False,False,True,True,False,False,False,False,False,False,True,False,False,False,False,False,False,False,False,False,False,False,True,False,False,False,False,False,False,False,False,False,False,False,False,False,False,False,False,False,False
0.1962656643198467,-0.1711482300949462,-0.3978787630087615,-0.2430148108769126,-0.2477250524894851,0.2160812768366649,-0.7903408429696828,2.303554834684577,2.688929681676642,0,0,False,False,False,False,False,True,False,False,False,False,False,True,False,False,False,False,False,False,False,False,True,False,False,False,False,False,False,False,False,False,False,True,False,False,False,False,False,False,False,False,False,False,False,False,False,False,False,False,False
0.1962656643198467,-0.385641070749333,-0.3978787630087615,-0.2430148108769126,-0.5601203344605792,-0.5854592971674639,-0.4652650576107753,-0.3152644161076689,-0.3118371666802689,1,0,False,False,False,False,True,False,False,False,False,False,False,True,False,False,False,False,False,False,True,False,False,False,False,False,False,False,False,False,False,False,False,False,False,False,False,False,True,False,False,False,False,False,False,False,False,False,False,False,False
-0.6994984116005257,-0.4580672247365286,-0.3978787630087615,-0.2430148108769126,-0.6047482318850211,-0.5293929875868641,-0.0318306771322322,-0.3152644161076689,-0.3118371666802689,1,1,True,False,False,False,False,False,False,False,False,False,True,True,False,False,False,False,False,False,False,False,False,True,False,False,False,False,False,False,False,False,True,False,False,False,False,False,False,False,False,False,False,False,False,False,False,False,False,False,False
1.092029740240219,0.8121760913465933,3.500263161552293,0.378127856325111,-0.3146668986261481,-0.3601730982520646,-0.8236819591626717,-0.3152644161076689,-0.3118371666802689,0,0,False,False,False,False,True,False,False,False,False,False,False,False,False,False,False,False,False,False,False,False,False,False,False,False,False,False,False,False,False,False,False,True,False,False,False,False,False,False,False,False,False,False,False,False,False,False,False,False,False
0.1962656643198467,0.5971261264307665,2.7206347766400825,0.6661711797913771,1.3588792547904271,1.3754753401797444,0.4490006197204004,0.0846560637023935,-0.3118371666802689,0,0,False,False,False,True,False,False,False,False,False,False,True,True,False,False,False,False,False,False,True,False,False,False,False,False,False,False,False,False,False,False,False,False,False,False,False,False,False,False,False,False,False,False,False,False,False,False,False,False,False
0.4948536896266375,-0.093150833493351,-0.3978787630087615,-0.2430148108769126,-0.203097155065043,-0.2198602367773034,-0.2318773092750092,-0.3152644161076689,-0.3118371666802689,1,1,False,False,False,False,False,False,True,False,False,False,True,True,False,False,False,False,False,False,False,False,False,True,False,False,False,False,False,False,False,False,False,False,False,False,False,False,False,False,False,False,False,False,False,False,False,False,False,False,False
-0.6994984116005257,-0.4580672247365286,-0.3978787630087615,-0.2430148108769126,0.6894607934237971,0.8152207429862192,-0.593431127140462,-0.3152644161076689,-0.3118371666802689,0,0,False,False,False,False,True,False,False,False,False,False,True,True,False,False,False,False,False,False,True,False,False,False,False,False,False,False,False,False,False,False,False,False,False,False,False,False,False,False,False,False,False,False,False,False,False,False,False,False,False
2.2863818414673824,0.1956252418339898,-0.3978787630087615,-0.2430148108769126,-0.091527411503938,-0.2986439492125358,-0.4047117173950781,0.2237414879900791,-0.3118371666802689,0,0,False,False,False,False,True,False,False,False,False,False,True,False,True,False,False,False,False,False,False,False,False,False,False,True,False,False,False,False,False,False,True,False,False,False,False,False,False,False,False,False,False,False,False,False,False,False,False,False,False
-0.4009103862937349,-0.3733843369976538,-0.3978787630087615,-0.2430148108769126,-0.5824342831728001,-0.5231114843838526,-0.589103458225136,-0.3152644161076689,-0.3118371666802689,0,0,False,False,False,False,False,False,False,True,False,False,False,False,False,False,False,False,False,False,False,False,False,False,False,False,True,False,False,False,False,False,False,False,False,False,True,False,False,False,False,False,False,False,False,False,False,False,False,False,False
-0.6994984116005257,-0.4580672247365286,-0.3978787630087615,-0.2430148108769126,0.332437614028261,0.1391804499182939,-0.3190303657186416,-0.3152644161076689,-0.3118371666802689,1,1,False,False,False,False,False,False,True,False,False,False,True,False,False,False,False,False,False,False,False,False,False,False,False,False,False,False,False,False,False,False,False,False,False,False,False,False,False,False,False,False,False,False,False,False,False,False,False,False,False
-0.6994984116005257,-0.4580672247365286,-0.3978787630087615,-0.2430148108769126,-0.6940040267339052,-0.6267303306087386,3.435644366696113,-0.3152644161076689,-0.3118371666802689,1,0,False,False,False,False,False,False,False,True,False,False,True,False,False,False,False,False,False,False,False,False,False,False,False,False,False,False,False,False,False,False,False,False,False,False,False,False,False,False,False,False,False,False,False,False,False,False,False,False,False
-0.6994984116005257,-0.4580672247365286,0.3817496219034494,1.3283834293420649,-0.2923529499139271,-0.2128952091037671,-0.5945349544772267,-0.3152644161076689,-0.3118371666802689,1,0,False,False,False,False,False,True,False,False,False,False,True,False,True,False,False,False,False,False,False,True,False,False,False,False,False,False,False,False,False,False,False,False,True,False,False,False,False,False,False,False,False,False,False,False,False,False,False,False,False
1.39061776554701,-0.1634877715001467,-0.3978787630087615,-0.2430148108769126,-0.5154924370361371,-0.547605885974986,-0.5134244284035647,-0.3152644161076689,-0.3118371666802689,0,1,True,False,False,False,False,False,False,False,False,False,False,True,False,False,False,False,False,False,True,False,False,False,False,False,False,False,False,False,False,False,True,False,False,False,False,False,False,False,False,False,False,False,False,False,False,False,False,False,False
-0.4009103862937349,0.8846022453337888,-0.3978787630087615,-0.2430148108769126,0.153926024330493,0.7572769040382868,0.1015337442962857,-0.3152644161076689,0.6884184494387015,0,0,False,False,False,False,False,True,False,False,False,False,True,True,False,False,False,False,False,False,True,False,False,False,False,False,False,False,False,False,False,False,False,False,False,False,False,False,False,False,False,False,False,True,False,False,False,False,False,False,False
-0.4009103862937349,-0.3912123133637327,-0.3978787630087615,-0.2430148108769126,0.0869841781938299,-0.3706405103633133,-0.5388242899077401,-0.3152644161076689,-0.3118371666802689,0,0,False,False,False,False,False,False,False,True,False,False,True,True,False,False,False,False,False,False,True,False,False,False,False,False,False,False,False,False,False,False,True,False,False,False,False,False,False,False,False,False,False,False,False,False,False,False,False,False,False
0.4948536896266375,0.1789115139907908,-0.3978787630087615,-0.2430148108769126,0.510949203726029,0.0208132965858016,-0.6669892325080374,-0.3152644161076689,-0.3118371666802689,1,0,False,False,False,False,False,True,False,False,False,False,True,False,True,False,False,False,False,False,True,False,False,False,False,False,False,False,False,False,False,False,False,False,True,False,False,False,False,False,False,False,False,False,False,False,False,False,False,False,False
-0.6994984116005257,-0.4580672247365286,1.1613780068156605,-0.2152024526429484,0.287809716603819,0.9224290192420174,-0.4345250244784761,-0.3152644161076689,-0.3118371666802689,0,1,False,False,False,False,False,False,True,False,False,False,True,True,False,False,False,False,False,False,True,False,False,False,False,False,False,False,False,False,False,False,False,False,False,False,False,False,False,False,False,False,False,False,False,False,False,False,False,False,False
-0.6994984116005257,-0.4580672247365286,-0.3978787630087615,-0.2430148108769126,-0.203097155065043,0.1607763617567471,-0.3733244367024103,-0.3152644161076689,0.6884184494387015,0,0,False,False,False,False,False,True,False,False,False,False,True,False,False,False,False,False,False,False,False,False,False,False,False,False,False,False,False,False,False,False,False,False,False,False,False,False,False,False,False,False,False,False,False,False,False,False,False,False,False
-0.6994984116005257,-0.4580672247365286,-0.3978787630087615,-0.2430148108769126,-0.6493761293094632,-0.5325077825635641,-0.1763088111823196,-0.3152644161076689,-0.3118371666802689,1,1,True,False,False,False,False,False,False,False,False,False,True,False,False,True,False,False,False,False,False,False,False,False,False,False,False,False,False,False,False,False,False,False,False,False,True,False,False,False,False,False,False,False,False,False,False,False,False,False,False
0.1962656643198467,0.0466873561280803,-0.3978787630087615,-0.2430148108769126,-0.2477250524894851,-0.3109403027966228,-0.3207869235606879,-0.3152644161076689,-0.3118371666802689,0,0,False,False,False,False,False,False,False,False,True,False,True,True,False,False,False,False,False,False,True,False,False,False,False,False,False,False,False,False,False,False,True,False,False,False,False,False,False,False,False,False,False,False,False,False,False,False,False,False,False
-0.102322360986944,2.062920058279316,-0.3978787630087615,-0.2430148108769126,-0.3146668986261481,-0.2310277656123515,-0.8477071618574403,-0.3152644161076689,-0.3118371666802689,0,1,False,False,False,False,False,False,True,False,False,False,False,False,False,False,False,False,False,False,False,False,False,False,False,False,False,False,False,False,False,False,True,False,False,False,False,False,False,False,False,False,False,False,False,False,False,False,False,False,False
-0.6994984116005257,-0.4580672247365286,-0.3978787630087615,-0.2430148108769126,-0.4931784883239161,-0.5588537567414849,0.7627990276356695,-0.3152644161076689,-0.3118371666802689,0,1,False,False,False,False,False,False,True,False,False,False,True,False,True,False,False,False,False,False,True,False,False,False,False,False,False,False,False,False,False,False,False,True,False,False,False,False,False,False,False,False,False,False,False,False,False,False,False,False,False
-0.6994984116005257,-0.4580672247365286,4.279891546464504,1.6366370662033984,-0.4708645396116951,-0.5434095649820141,-0.7955007709106847,-0.3152644161076689,-0.3118371666802689,0,0,False,False,False,False,True,False,False,False,False,False,False,True,False,False,False,False,False,False,False,False,True,False,False,False,False,False,False,False,False,False,False,False,False,False,False,False,True,False,False,False,False,False,False,False,False,False,False,False,False
0.1962656643198467,1.9422098014482825,0.3817496219034494,1.5786946534477428,0.377065511452703,0.5872961910928114,-0.2722228550868457,0.1942786892891209,2.688929681676642,0,0,False,False,False,False,False,True,False,False,False,False,True,False,True,False,False,False,False,False,True,False,False,False,False,False,False,False,False,False,False,False,False,False,True,False,False,False,False,False,False,False,False,False,False,False,False,False,False,False,False
2.883557892080964,1.0534108965500986,1.9410063917278717,4.121787159465844,0.176239973042714,0.0787053998274361,-0.4705043690585619,0.2185590657742454,-0.3118371666802689,0,1,True,False,False,False,False,False,False,False,False,False,True,False,False,False,False,False,False,False,True,False,False,False,False,False,False,False,False,False,False,False,True,False,False,False,False,False,False,False,False,False,False,False,False,False,False,False,False,False,False
-0.6994984116005257,-0.4580672247365286,-0.3978787630087615,-0.2430148108769126,-0.6270621805972422,-0.5195294701606475,0.1848865131070393,-0.3152644161076689,-0.3118371666802689,0,1,True,False,False,False,False,False,False,False,False,False,True,False,False,False,False,False,False,False,False,False,False,False,False,False,False,False,False,False,False,False,False,False,False,False,False,False,True,False,False,False,False,False,False,False,False,False,False,False,False
-0.6994984116005257,-0.4580672247365286,-0.3978787630087615,-0.2430148108769126,0.444007357589366,0.2155275353344296,-0.2110391279081804,-0.3152644161076689,-0.3118371666802689,0,0,False,False,False,False,False,True,False,False,False,False,True,True,False,False,False,False,False,False,True,False,False,False,False,False,False,False,False,False,False,False,False,False,False,False,False,False,False,False,False,False,False,True,False,False,False,False,False,False,False
2.883557892080964,5.2738128831879045,0.3817496219034494,-0.2221555422014395,2.7423440749481296,2.9006376268707714,-0.5622092450073848,-0.117666000529943,-0.3118371666802689,0,1,False,False,False,False,False,False,True,False,False,False,True,True,False,False,False,False,False,False,True,False,False,False,False,False,False,False,False,False,False,False,True,False,False,False,False,False,False,False,False,False,False,False,False,False,False,False,False,False,False
-0.6994984116005257,-0.4580672247365286,-0.3978787630087615,-0.2430148108769126,-0.3146668986261481,-0.4782584367193728,0.4256833887427056,-0.3152644161076689,3.6891852977956128,0,0,False,False,False,False,False,True,False,False,False,False,True,True,False,False,False,False,False,False,True,False,False,False,False,False,False,False,False,False,False,False,False,True,False,False,False,False,False,False,False,False,False,False,False,False,False,False,False,False,False
-0.102322360986944,-0.3153041327425374,-0.3978787630087615,-0.2430148108769126,2.8985417159336766,3.836080413880719,-0.6310574140077712,-0.2373342665647404,-0.3118371666802689,0,1,True,False,False,False,False,False,False,False,False,False,True,True,False,False,False,False,False,False,True,False,False,False,False,False,False,False,False,False,False,False,True,False,False,False,False,False,False,False,False,False,False,False,False,False,False,False,False,False,False
-0.102322360986944,-0.060837626329833,-0.3978787630087615,-0.2430148108769126,-0.3146668986261481,-0.2042603052689977,0.0860330472644218,-0.3152644161076689,3.6891852977956128,0,0,False,False,False,False,False,True,False,False,False,False,True,False,True,False,False,False,False,False,True,False,False,False,False,False,False,False,False,False,False,False,False,False,False,False,False,False,False,False,False,False,False,True,False,False,False,False,False,False,False
1.39061776554701,0.4138322444170177,0.3817496219034494,0.6052621152589955,-0.13615530892838,-0.2660826930476804,-0.8342002846474966,-0.3152644161076689,-0.3118371666802689,0,0,False,False,False,False,True,False,False,False,False,False,True,True,False,False,False,False,False,False,False,False,True,False,False,False,False,False,False,False,False,False,True,False,False,False,False,False,False,False,False,False,False,False,False,False,False,False,False,False,False
-0.6994984116005257,-0.4580672247365286,-0.3978787630087615,-0.2430148108769126,-0.3816087447628111,-0.5351034450441475,1.70190684478194,-0.3152644161076689,-0.3118371666802689,0,0,False,False,True,False,False,False,False,False,False,False,True,True,False,False,False,False,False,False,True,False,False,False,False,False,False,False,False,False,False,False,False,True,False,False,False,False,False,False,False,False,False,False,False,False,False,False,False,False,False
3.182145917387755,0.7471782606595558,0.3817496219034494,-0.1804370048504931,0.600204998574913,-0.1152212165489749,-0.8001916144934136,8.552112394689049,-0.3118371666802689,1,1,False,False,False,False,False,False,True,False,False,False,True,True,False,False,False,False,False,False,True,False,False,False,False,False,False,False,False,False,False,False,False,False,False,False,False,False,False,False,True,False,False,False,False,False,False,False,False,False,False
-0.6994984116005257,-0.4580672247365286,-0.3978787630087615,-0.2430148108769126,-0.6940040267339052,-0.6267303306087386,3.435644366696113,-0.3152644161076689,-0.3118371666802689,0,0,False,False,False,False,False,True,False,False,False,False,True,False,False,False,False,True,False,False,False,False,False,False,False,True,False,False,False,False,False,False,False,False,False,False,False,False,False,False,False,False,False,False,False,True,False,False,False,False,False
0.1962656643198467,-0.2321533367226225,-0.3978787630087615,-0.2430148108769126,-0.4931784883239161,-0.5482988492087286,-0.0559103625286269,-0.3152644161076689,-0.3118371666802689,0,0,False,False,True,False,False,False,False,False,False,False,False,True,False,False,False,False,False,False,True,False,False,False,False,False,False,False,False,False,False,False,False,False,False,True,False,False,False,False,False,False,False,False,False,False,False,False,False,False,False
-0.102322360986944,0.0127027761802424,-0.3978787630087615,-0.2430148108769126,-0.2477250524894851,-0.2578650615798731,-0.2748166131065054,-0.3152644161076689,-0.3118371666802689,0,1,False,False,False,False,False,False,True,False,False,False,True,True,False,False,False,False,False,False,False,False,True,False,False,False,False,False,False,False,False,False,True,False,False,False,False,False,False,False,False,False,False,False,False,False,False,False,False,False,False
-0.102322360986944,-0.046027406398458,-0.3978787630087615,-0.2430148108769126,-0.3369808473383691,-0.1776815867059557,-0.0860099746920501,1.1604765733016975,-0.3118371666802689,0,0,False,False,False,False,False,False,False,False,True,False,True,False,True,False,False,False,False,False,True,False,False,False,False,False,False,False,False,False,False,False,False,False,False,False,False,False,False,False,False,False,False,False,False,False,False,False,False,False,False
1.092029740240219,0.3395490097440637,-0.3978787630087615,-0.2430148108769126,0.399379460164924,-0.1460408318839871,-0.6785054973104764,0.406143975294333,-0.3118371666802689,0,0,False,False,False,False,True,False,False,False,False,False,True,True,False,False,False,False,False,False,True,False,False,False,False,False,False,False,False,False,False,False,True,False,False,False,False,False,False,False,False,False,False,False,False,False,False,False,False,False,False
0.1962656643198467,-0.1887904983924493,-0.3978787630087615,-0.2430148108769126,-0.3816087447628111,-0.4992833028120977,-0.2795074566892345,-0.3152644161076689,-0.3118371666802689,0,0,False,False,False,False,True,False,False,False,False,False,True,False,True,False,False,False,False,False,True,False,False,False,False,False,False,False,False,False,False,False,False,False,False,False,False,False,False,False,False,False,False,False,False,False,False,False,False,False,False
-0.6994984116005257,-0.4580672247365286,-0.3978787630087615,-0.2430148108769126,-0.5824342831728001,-0.3152508329387404,-0.1763088111823196,-0.3152644161076689,-0.3118371666802689,0,0,False,False,False,False,False,True,False,False,False,False,True,False,False,False,False,False,False,False,False,False,False,False,False,False,False,False,False,False,False,False,False,True,False,False,False,False,False,False,False,False,False,False,False,False,False,False,False,False,False
-0.6994984116005257,-0.4580672247365286,-0.3978787630087615,-0.2430148108769126,-0.6270621805972422,-0.6038885007796054,0.1848865131070393,-0.3152644161076689,-0.3118371666802689,0,0,False,False,False,False,False,True,False,False,False,False,True,True,False,False,False,False,False,False,True,False,False,False,False,False,False,False,False,False,False,False,False,False,False,False,False,False,False,False,False,False,False,False,False,False,False,False,False,False,False
1.092029740240219,0.3497629543514217,-0.3978787630087615,-0.2430148108769126,-0.4262366421872531,-0.2924090031096072,-0.6097431916608628,-0.3152644161076689,-0.3118371666802689,0,0,False,False,False,False,True,False,False,False,False,False,False,True,False,False,False,False,False,False,True,False,False,False,False,False,False,False,False,False,False,False,True,False,False,False,False,False,False,False,False,False,False,False,False,False,False,False,False,False,False
0.7934417149334283,0.0412553945790406,1.1613780068156605,-0.1630542809542655,-0.024585565367275,-0.074674328034822,-0.4660913135702816,-0.3152644161076689,-0.3118371666802689,1,1,False,False,False,False,False,False,True,False,False,False,True,False,True,False,False,False,False,False,True,False,False,False,False,False,False,False,False,False,False,False,False,False,False,False,False,False,False,False,False,False,False,True,False,False,False,False,False,False,False
-0.6994984116005257,-0.4580672247365286,-0.3978787630087615,-0.2430148108769126,-0.4931784883239161,-0.4633333774560187,0.1126474569178551,-0.3152644161076689,-0.3118371666802689,0,1,False,False,False,False,False,False,True,False,False,False,True,False,False,True,False,False,False,False,True,False,False,False,False,False,False,False,False,False,False,False,False,True,False,False,False,False,False,False,False,False,False,False,False,False,False,False,False,False,False
0.7934417149334283,-0.2185037923173433,-0.3978787630087615,-0.2430148108769126,0.0869841781938299,-0.2501862267760896,-0.5271842579179556,-0.3152644161076689,-0.3118371666802689,0,0,False,False,False,False,False,False,False,False,True,False,True,True,False,False,False,False,False,False,True,False,False,False,False,False,False,False,False,False,False,False,False,False,False,False,False,False,False,False,False,False,False,True,False,False,False,False,False,False,False
-0.6994984116005257,-0.4580672247365286,-0.3978787630087615,-0.2430148108769126,-0.4708645396116951,-0.4747802489953911,1.0714568387833063,-0.3152644161076689,-0.3118371666802689,1,0,False,False,False,True,False,False,False,False,False,False,True,False,False,False,False,False,False,False,False,False,False,False,False,False,False,False,False,False,False,False,False,True,False,False,False,False,False,False,False,False,False,False,False,False,False,False,False,False,False
-0.6994984116005257,-0.4580672247365286,0.3817496219034494,0.0629211296966936,-0.4039226934750321,-0.3414670239926319,-0.6097431916608628,1.978163019277546,0.6884184494387015,0,0,False,False,False,False,False,True,False,False,False,False,False,True,False,False,False,False,False,False,False,False,True,False,False,False,False,False,False,False,False,False,True,False,False,False,False,False,False,False,False,False,False,False,False,False,False,False,False,False,False
1.092029740240219,0.0530942851346399,-0.3978787630087615,-0.2430148108769126,-0.4708645396116951,-0.4291138937363576,-0.7875624202322201,-0.3152644161076689,-0.3118371666802689,1,1,True,False,False,False,False,False,False,False,False,False,True,True,False,False,False,False,False,False,True,False,False,False,False,False,False,False,False,False,False,False,True,False,False,False,False,False,False,False,False,False,False,False,False,False,False,False,False,False,False
-0.4009103862937349,-0.1516488809445474,1.1613780068156605,-0.1178591988240737,-0.5154924370361371,-0.3422457227368069,-0.0318306771322322,0.6004946049798372,-0.3118371666802689,0,0,False,False,False,False,False,True,False,False,False,False,True,True,False,False,False,False,False,False,False,False,True,False,False,False,False,False,False,False,False,False,False,False,True,False,False,False,False,False,False,False,False,False,False,False,False,False,False,False,False
-0.4009103862937349,-0.3065294256248579,-0.3978787630087615,-0.2430148108769126,1.3142513573659853,0.202019378136339,-0.7272308900607327,1.467315817443557,-0.3118371666802689,0,0,False,False,False,False,False,False,False,False,True,False,True,True,False,False,False,False,False,False,True,False,False,False,False,False,False,False,False,False,False,False,False,False,False,False,False,False,False,False,False,False,False,False,False,False,False,False,False,False,False
-0.6994984116005257,-0.4580672247365286,-0.3978787630087615,-0.2430148108769126,-0.6940040267339052,-0.6267303306087386,3.435644366696113,-0.3152644161076689,1.6886740655576715,0,0,False,True,False,False,False,False,False,False,False,False,True,False,False,False,False,False,False,False,False,False,False,False,False,False,False,False,False,False,False,False,False,True,False,False,False,False,False,False,False,False,False,False,False,False,False,False,False,False,False
-0.6994984116005257,-0.4580672247365286,-0.3978787630087615,-0.2430148108769126,-0.4262366421872531,-0.5107474787507029,-0.3985828468965163,-0.3152644161076689,-0.3118371666802689,0,1,True,False,False,False,False,False,False,False,False,False,True,True,False,False,False,False,False,False,False,False,True,False,False,False,False,False,False,False,False,False,True,False,False,False,False,False,False,False,False,False,False,False,False,False,False,False,False,False,False
1.092029740240219,-0.2794160448828754,-0.3978787630087615,-0.2430148108769126,0.198553921754935,0.370576701417747,-0.1838002693427917,-0.0347494522327339,-0.3118371666802689,0,0,False,False,True,False,False,False,False,False,False,False,True,True,False,False,False,False,False,False,True,False,False,False,False,False,False,False,False,False,False,False,False,False,False,False,False,False,False,False,False,False,False,False,False,False,False,False,False,False,False
-0.6994984116005257,-0.4580672247365286,-0.3978787630087615,-0.2430148108769126,-0.3592947960505901,-0.4521460721647046,-0.3569064624911395,-0.3152644161076689,-0.3118371666802689,0,0,False,False,True,False,False,False,False,False,False,False,True,True,False,False,False,False,False,False,True,False,False,False,False,False,False,False,False,False,False,False,False,False,False,False,False,False,False,False,False,False,False,False,False,False,False,False,False,False,False
-0.6994984116005257,-0.4580672247365286,-0.3978787630087615,-0.2430148108769126,-0.4039226934750321,-0.5444478299742475,-0.2795074566892345,-0.3152644161076689,-0.3118371666802689,1,0,False,False,False,False,False,True,False,False,False,False,True,True,False,False,False,False,False,False,True,False,False,False,False,False,False,False,False,False,False,False,False,False,False,False,True,False,False,False,False,False,False,False,False,False,False,False,False,False,False
-0.6994984116005257,-0.4580672247365286,0.3817496219034494,0.6910168862486155,-0.3592947960505901,-0.2293627211729995,-0.7686691239457556,-0.3152644161076689,3.6891852977956128,0,0,False,False,False,False,False,True,False,False,False,False,True,True,False,False,False,False,False,False,False,False,False,False,False,False,False,False,True,False,False,False,False,False,False,False,False,False,False,False,False,False,False,False,False,False,False,False,False,False,False
-0.6994984116005257,-0.4580672247365286,-0.3978787630087615,-0.2430148108769126,-0.3816087447628111,-0.4501733686794613,-0.0318306771322322,-0.3152644161076689,-0.3118371666802689,0,0,False,False,False,False,False,False,False,False,False,False,True,True,False,False,False,False,False,False,True,False,False,False,False,False,False,False,False,False,False,False,False,False,False,False,False,False,False,False,False,False,False,False,False,False,False,False,False,False,False
1.39061776554701,0.3552227721135333,-0.3978787630087615,-0.2430148108769126,0.0869841781938299,-0.291291137818607,-0.514691790532084,0.8555396851158212,-0.3118371666802689,0,0,False,False,False,False,False,False,False,False,False,False,True,True,False,False,False,False,False,False,True,False,False,False,False,False,False,False,False,False,False,False,True,False,False,False,False,False,False,False,False,False,False,False,False,False,False,False,False,False,False
-0.6994984116005257,-0.4580672247365286,-0.3978787630087615,-0.2430148108769126,-0.6047482318850211,-0.6142711507019387,1.70190684478194,-0.3152644161076689,-0.3118371666802689,1,0,False,False,False,False,False,True,False,False,False,False,True,False,False,False,False,False,False,False,False,False,False,False,False,False,False,False,False,False,False,False,False,False,True,False,False,False,False,False,False,False,False,False,False,False,False,False,False,False,False
1.39061776554701,0.1680011640566328,-0.3978787630087615,-0.2430148108769126,-0.180783206352822,-0.1509453979178163,-0.1157212079788455,-0.3152644161076689,-0.3118371666802689,0,1,False,False,False,False,False,False,True,False,False,False,True,False,True,False,False,False,False,False,True,False,False,False,False,False,False,False,False,False,False,False,False,True,False,False,False,False,False,False,False,False,False,False,False,False,False,False,False,False,False
1.39061776554701,-0.0463523955323939,-0.3978787630087615,-0.2430148108769126,0.577891049862692,1.160023355581946,-0.6656702050013652,-0.3152644161076689,-0.3118371666802689,0,0,False,False,False,False,False,False,False,True,False,False,True,True,False,False,False,False,False,False,True,False,False,False,False,False,False,False,False,False,False,False,True,False,False,False,False,False,False,False,False,False,False,False,False,False,False,False,False,False,False
-0.6994984116005257,-0.4580672247365286,-0.3978787630087615,-0.2430148108769126,-0.6047482318850211,-0.5094063864863726,1.990863091210396,-0.3152644161076689,-0.3118371666802689,0,0,False,False,False,False,False,True,False,False,False,False,True,False,False,False,False,False,False,False,False,False,False,False,False,False,False,False,False,False,False,False,False,False,False,False,False,False,False,False,False,False,False,False,False,False,False,False,False,False,False
-0.6994984116005257,-0.4580672247365286,-0.3978787630087615,-0.2430148108769126,-0.6940040267339052,-0.6267303306087386,3.435644366696113,-0.3152644161076689,-0.3118371666802689,0,0,False,False,False,False,False,True,False,False,False,False,True,True,False,False,False,False,False,False,True,False,False,False,False,False,False,False,False,False,False,False,False,False,True,False,False,False,False,False,False,False,False,False,False,False,False,False,False,False,False
0.4948536896266375,0.0206616942087723,-0.3978787630087615,-0.2430148108769126,0.153926024330493,-0.2728055712126633,-0.1837891734226515,-0.3152644161076689,-0.3118371666802689,0,0,False,False,False,False,False,True,False,False,False,False,True,False,False,False,False,False,False,False,False,False,False,False,False,False,False,False,False,False,False,False,False,True,False,False,False,False,False,False,False,False,False,False,False,False,False,False,False,False,False
-0.102322360986944,-0.2059684964349441,0.3817496219034494,-0.2430148108769126,0.220867870467156,1.5154432369168311,-0.6075032027825497,-0.3152644161076689,-0.3118371666802689,0,1,True,False,False,False,False,False,False,False,False,False,True,True,False,False,False,False,False,False,True,False,False,False,False,False,False,False,False,False,False,False,True,False,False,False,False,False,False,False,False,False,False,False,False,False,False,False,False,False,False
-0.102322360986944,0.0544870957882398,1.1613780068156605,0.1706940178533049,0.153926024330493,0.5193881458562454,-0.3877402041364982,-0.3152644161076689,-0.3118371666802689,0,1,True,False,False,False,False,False,False,False,False,False,True,False,True,False,False,False,False,False,True,False,False,False,False,False,False,False,False,False,False,False,True,False,False,False,False,False,False,False,False,False,False,False,False,False,False,False,False,False,False
-0.6994984116005257,-0.4580672247365286,-0.3978787630087615,-0.2430148108769126,-0.2700390012017061,-0.4939621947269019,-0.2827663631091764,-0.3152644161076689,-0.3118371666802689,0,0,False,False,False,False,False,True,False,False,False,False,True,True,False,False,False,False,False,False,True,False,False,False,False,False,False,False,False,False,False,False,False,False,True,False,False,False,False,False,False,False,False,False,False,False,False,False,False,False,False
-0.6994984116005257,-0.4580672247365286,-0.3978787630087615,-0.2430148108769126,-0.6047482318850211,-0.5423712999897808,0.6905599497747665,-0.3152644161076689,-0.3118371666802689,0,0,False,False,False,False,False,True,False,False,False,False,True,False,True,False,False,False,False,False,True,False,False,False,False,False,False,False,False,False,False,False,False,True,False,False,False,False,False,False,False,False,False,False,False,False,False,False,False,False,False
-0.4009103862937349,-0.0532235947382493,2.7206347766400825,2.1558010868025,-0.180783206352822,-0.1699409278940772,-0.120740291417911,0.0284844835545982,-0.3118371666802689,0,0,False,False,False,False,True,False,False,False,False,False,True,True,False,False,False,False,False,False,False,False,True,False,False,False,False,False,False,False,False,False,False,False,False,False,False,False,False,False,False,False,False,False,False,False,False,False,False,False,False
0.4948536896266375,0.2773368003642261,-0.3978787630087615,-0.2430148108769126,-0.5601203344605792,0.1069769303964353,-0.2640276728662286,-0.3152644161076689,-0.3118371666802689,0,0,False,False,False,False,True,False,False,False,False,False,True,False,True,False,False,False,False,False,True,False,False,False,False,False,False,False,False,False,False,False,False,False,False,False,False,False,True,False,False,False,False,False,False,False,False,False,False,False,False
0.1962656643198467,-0.2017900644741443,1.9410063917278717,0.1289754805023586,-0.3816087447628111,-0.486267909501769,0.6126178073506836,0.3290981937363379,-0.3118371666802689,1,0,False,False,False,False,False,True,False,False,False,False,True,False,True,False,False,False,False,False,True,False,False,False,False,False,False,False,False,False,False,False,False,False,False,True,False,False,False,False,False,False,False,False,False,False,False,False,False,False,False
-0.102322360986944,0.0728721964157587,-0.3978787630087615,-0.2430148108769126,-0.4039226934750321,-0.4904125645079371,-0.7922758240744531,-0.3152644161076689,-0.3118371666802689,0,1,False,False,False,False,False,False,True,False,False,False,False,False,False,False,False,False,False,False,False,False,False,False,False,False,False,False,False,False,False,False,True,False,False,False,False,False,False,False,False,False,False,False,False,False,False,False,False,False,False
-0.4009103862937349,-0.4580672247365286,-0.3978787630087615,-0.2430148108769126,-0.158469257640601,-0.4744082040225365,-0.6069647689234001,-0.3152644161076689,-0.3118371666802689,1,1,False,False,False,False,False,False,True,False,False,False,True,False,True,False,False,False,False,False,True,False,False,False,False,False,False,False,False,False,False,False,False,False,False,False,False,False,False,False,True,False,False,False,False,False,False,False,False,False,False
0.7934417149334283,2.040635087821718,2.7206347766400825,0.118545846164622,1.0911118702437752,0.690727794532468,-0.277269873371733,-0.3152644161076689,-0.3118371666802689,1,1,False,False,False,False,False,False,True,False,False,False,True,False,True,False,False,False,False,False,True,False,False,False,False,False,False,False,False,False,False,False,True,False,False,False,False,False,False,False,False,False,False,False,False,False,False,False,False,False,False
-0.6994984116005257,-0.4580672247365286,-0.3978787630087615,-0.2430148108769126,-0.6940040267339052,-0.6267303306087386,3.435644366696113,-0.3152644161076689,-0.3118371666802689,0,0,False,False,False,False,True,False,False,False,False,False,True,True,False,False,False,False,False,False,True,False,False,False,False,False,False,False,False,False,False,False,False,True,False,False,False,False,False,False,False,False,False,False,False,False,False,False,False,False,False
-0.102322360986944,-0.3132149167621375,-0.3978787630087615,-0.2430148108769126,0.1316120756182719,0.2504521740106782,-0.2593837268834674,-0.3152644161076689,-0.3118371666802689,0,1,False,False,False,False,False,False,True,False,False,False,True,True,False,False,False,False,False,False,True,False,False,False,False,False,False,False,False,False,False,False,False,False,False,False,False,False,False,False,False,False,False,True,False,False,False,False,False,False,False
-0.6994984116005257,-0.4580672247365286,-0.3978787630087615,-0.2430148108769126,-0.2254111037772641,-0.4177795009217815,0.3809639699105841,-0.3152644161076689,3.6891852977956128,0,0,False,False,False,False,False,True,False,False,False,False,True,False,True,False,False,False,False,False,True,False,False,False,False,False,False,False,False,False,False,False,False,False,False,False,False,False,False,False,False,False,False,True,False,False,False,False,False,False,False
1.092029740240219,0.0065744093044028,0.3817496219034494,0.4682862509567219,0.0423562807693879,-0.1228464863273706,-0.5884964117035567,-0.3152644161076689,-0.3118371666802689,0,1,False,False,False,False,False,False,True,False,False,False,True,False,False,False,False,False,False,False,False,False,False,False,False,False,False,False,False,False,False,False,True,False,False,False,False,False,False,False,False,False,False,False,False,False,False,False,False,False,False
-0.4009103862937349,-0.4357822542789299,-0.3978787630087615,-0.2430148108769126,-0.5824342831728001,-0.5737788160048389,0.3396845030391304,-0.3152644161076689,-0.3118371666802689,0,0,False,False,False,False,False,True,False,False,False,False,False,True,False,False,False,False,False,False,True,False,False,False,False,False,False,False,False,False,False,False,False,True,False,False,False,False,False,False,False,False,False,False,False,False,False,False,False,False,False
-0.4009103862937349,-0.2463600053893416,1.1613780068156605,-0.1039530197070916,0.5555771011504711,0.8951482696540969,-0.4255335799574819,-0.3152644161076689,4.689440913914583,1,0,False,False,False,False,False,True,False,False,False,False,True,True,False,False,False,False,False,False,True,False,False,False,False,False,False,False,False,False,False,False,True,False,False,False,False,False,False,False,False,False,False,False,False,False,False,False,False,False,False
-0.6994984116005257,-0.4580672247365286,-0.3978787630087615,-0.2430148108769126,-0.6716900780216841,-0.5888336583922222,2.3520584154997546,-0.3152644161076689,-0.3118371666802689,0,0,False,False,False,False,True,False,False,False,False,False,True,True,False,False,False,False,False,False,True,False,False,False,False,False,False,False,False,False,False,False,False,False,False,False,False,False,False,False,False,False,False,False,False,False,False,False,False,False,False
-0.6994984116005257,-0.4580672247365286,-0.3978787630087615,-0.2430148108769126,-0.4262366421872531,-0.1184563558864861,-0.7673556877425914,-0.3152644161076689,-0.3118371666802689,1,1,True,False,False,False,False,False,False,False,False,False,False,False,True,False,False,False,False,False,True,False,False,False,False,False,False,False,False,False,False,False,True,False,False,False,False,False,False,False,False,False,False,False,False,False,False,False,False,False,False
-0.6994984116005257,-0.4580672247365286,-0.3978787630087615,-0.2430148108769126,-0.13615530892838,-0.2060402149890572,-0.3502911702590858,-0.3152644161076689,3.6891852977956128,0,0,False,False,False,False,False,True,False,False,False,False,True,False,True,False,False,False,False,False,True,False,False,False,False,False,False,False,False,False,False,False,False,False,False,False,False,False,False,False,False,False,False,False,False,False,False,False,False,False,False
-0.6994984116005257,-0.4580672247365286,-0.3978787630087615,-0.2430148108769126,-0.6493761293094632,-0.6267303306087386,3.435644366696113,-0.3152644161076689,-0.3118371666802689,0,1,False,False,False,False,False,False,True,False,False,False,True,True,False,False,False,False,False,False,True,False,False,False,False,False,False,False,False,False,False,False,False,False,False,False,False,False,False,False,False,False,False,False,False,False,False,False,False,False,False
0.7934417149334283,5.24131396979432,-0.3978787630087615,-0.2430148108769126,0.31012366531604,1.8037932186597208,-0.3703222968094636,-0.3152644161076689,3.6891852977956128,0,0,False,False,False,False,False,True,False,False,False,False,True,True,False,False,False,False,False,False,True,False,False,False,False,False,False,False,False,False,False,False,False,False,False,False,False,False,False,False,False,False,False,True,False,False,False,False,False,False,False
-0.6994984116005257,-0.4580672247365286,-0.3978787630087615,-0.2430148108769126,-0.5824342831728001,-0.5087142098421882,-0.6097431916608628,-0.3152644161076689,-0.3118371666802689,1,0,False,False,False,False,False,True,False,False,False,False,False,False,True,False,False,False,False,False,True,False,False,False,False,False,False,False,False,False,False,False,True,False,False,False,False,False,False,False,False,False,False,False,False,False,False,False,False,False,False
2.5849698667741734,0.5939690887635651,1.9410063917278717,-0.0552813927976542,0.7117747421360181,1.8804849509487036,-0.5260685978226038,2.262070207091763,-0.3118371666802689,0,1,False,False,False,False,False,False,True,False,False,False,True,False,False,False,False,False,False,False,False,False,False,False,False,False,False,False,False,False,False,False,False,True,False,False,False,False,False,False,False,False,False,False,False,False,False,False,False,False,False
-0.6994984116005257,-0.4580672247365286,-0.3978787630087615,-0.2430148108769126,-0.4262366421872531,-0.5183181610203464,1.0184141578711363,-0.3152644161076689,1.6886740655576715,0,0,False,False,False,False,False,True,False,False,False,False,True,True,False,False,False,False,False,False,True,False,False,False,False,False,False,False,False,False,False,False,False,False,True,False,False,False,False,False,False,False,False,False,False,False,False,False,False,False,False
-0.6994984116005257,-0.4580672247365286,-0.3978787630087615,-0.2430148108769126,-0.4485505908994741,-0.1636208830486359,0.0945876766167697,-0.3152644161076689,-0.3118371666802689,0,1,True,False,False,False,False,False,False,False,False,False,False,True,False,False,False,False,False,False,True,False,False,False,False,False,False,False,False,False,False,False,True,False,False,False,False,False,False,False,False,False,False,False,False,False,False,False,False,False,False
0.7934417149334283,2.477141946659931,2.7206347766400825,0.7530152683769304,5.219192382004661,4.445615740317235,-0.3629710113276383,-0.3022652393388598,-0.3118371666802689,1,1,False,False,False,False,False,False,True,False,False,False,True,True,False,False,False,False,False,False,False,False,True,False,False,False,False,False,False,False,False,False,True,False,False,False,False,False,False,False,False,False,False,False,False,False,False,False,False,False,False
-0.6994984116005257,-0.4580672247365286,-0.3978787630087615,-0.2430148108769126,-0.4262366421872531,-0.3454037787375456,-0.5652883845180233,1.0686797037121345,-0.3118371666802689,0,1,True,False,False,False,False,False,False,False,False,False,False,True,False,False,False,False,False,False,False,False,True,False,False,False,False,False,False,False,False,False,True,False,False,False,False,False,False,False,False,False,False,False,False,False,False,False,False,False,False
-0.6994984116005257,-0.4580672247365286,-0.3978787630087615,-0.2430148108769126,-0.6716900780216841,-0.6267303306087386,3.435644366696113,-0.3152644161076689,3.6891852977956128,0,0,False,False,False,False,False,True,False,False,False,False,True,False,True,False,False,False,False,False,True,False,False,False,False,False,False,False,False,False,False,False,False,True,False,False,False,False,False,False,False,False,False,False,False,False,False,False,False,False,False
-0.4009103862937349,-0.419068526435731,-0.3978787630087615,-0.2430148108769126,-0.4708645396116951,-0.575803432739694,0.3672041403961931,-0.3152644161076689,-0.3118371666802689,0,0,False,False,False,True,False,False,False,False,False,False,True,False,False,False,False,False,False,False,False,False,False,False,False,False,False,False,False,False,False,False,False,False,False,False,False,False,False,False,False,False,False,False,False,False,False,False,False,False,True
-0.6994984116005257,-0.4580672247365286,1.1613780068156605,0.3445212568155811,0.220867870467156,0.8073256025950233,-0.3536228719832293,-0.3152644161076689,-0.3118371666802689,0,1,False,False,False,False,False,False,True,False,False,False,False,True,False,False,False,False,False,False,True,False,False,False,False,False,False,False,False,False,False,False,True,False,False,False,False,False,False,False,False,False,False,False,False,False,False,False,False,False,False
1.9877938161605917,3.5886977024619435,-0.3978787630087615,-0.2430148108769126,1.0687979215315542,1.6173647846369887,-0.5434067748953495,0.1125939348120283,-0.3118371666802689,0,0,False,False,False,False,False,True,False,False,False,False,True,True,False,False,False,False,False,False,True,False,False,False,False,False,False,False,False,False,False,False,True,False,False,False,False,False,False,False,False,False,False,False,False,False,False,False,False,False,False
-0.6994984116005257,-0.4580672247365286,-0.3978787630087615,-0.2430148108769126,-0.6716900780216841,-0.6267303306087386,3.435644366696113,-0.3152644161076689,-0.3118371666802689,0,0,False,False,False,False,True,False,False,False,False,False,True,True,False,False,False,False,False,False,False,False,True,False,False,False,False,False,False,False,False,False,False,False,False,False,False,False,False,False,False,False,False,False,False,False,False,False,False,False,False
-0.6994984116005257,-0.4580672247365286,0.3817496219034494,-0.0761406614731274,-0.5154924370361371,-0.2545123308930907,-0.2485478673715038,-0.3152644161076689,-0.3118371666802689,0,0,False,False,False,False,False,True,False,False,False,False,True,False,True,False,False,False,False,False,True,False,False,False,False,False,False,False,False,False,False,False,False,False,False,False,False,False,False,False,False,False,False,True,False,False,False,False,False,False,False
-0.6994984116005257,-0.4580672247365286,-0.3978787630087615,-0.2430148108769126,-0.6716900780216841,-0.623096403135922,2.3520584154997546,-0.3152644161076689,0.6884184494387015,0,0,False,False,False,False,False,True,False,False,False,False,True,True,False,False,False,False,False,False,True,False,False,False,False,False,False,False,False,False,False,False,False,False,True,False,False,False,False,False,False,False,False,False,False,False,False,False,False,False,False
-0.6994984116005257,-0.4580672247365286,-0.3978787630087615,-0.2430148108769126,0.243181819179377,0.1131286504754177,-0.7475014024194488,-0.3152644161076689,3.6891852977956128,0,0,False,False,False,False,False,True,False,False,False,False,True,True,False,False,False,False,False,False,False,False,False,False,True,False,False,False,False,False,False,False,False,False,False,False,False,False,False,False,False,False,False,False,False,False,False,False,False,False,False
0.4948536896266375,0.7066706843363997,-0.3978787630087615,-0.2430148108769126,0.8679723831215651,1.1388656019528651,-0.33006439142936,-0.3152644161076689,-0.3118371666802689,0,1,False,False,False,False,False,False,True,False,False,False,True,True,False,False,False,False,False,False,True,False,False,False,False,False,False,False,False,False,False,False,True,False,False,False,False,False,False,False,False,False,False,False,False,False,False,False,False,False,False
-0.4009103862937349,0.3859760313450194,-0.3978787630087615,-0.2430148108769126,-0.4931784883239161,-0.4685247024171853,-0.7381681948894473,-0.3152644161076689,-0.3118371666802689,0,1,True,False,False,False,False,False,False,False,False,False,True,False,True,False,False,False,False,False,True,False,False,False,False,False,False,False,False,False,False,False,True,False,False,False,False,False,False,False,False,False,False,False,False,False,False,False,False,False,False
-0.6994984116005257,-0.4580672247365286,0.3817496219034494,0.0455384058004659,1.4704489983515323,0.6192073056023049,-0.6462938894412954,-0.3152644161076689,-0.3118371666802689,0,1,False,False,False,False,False,False,True,False,False,False,True,True,False,False,False,False,False,False,True,False,False,False,False,False,False,False,False,False,False,False,True,False,False,False,False,False,False,False,False,False,False,False,False,False,False,False,False,False,False
-0.6994984116005257,-0.4580672247365286,-0.3978787630087615,-0.2430148108769126,0.243181819179377,0.2300545933635159,-0.8147005269758665,-0.3152644161076689,-0.3118371666802689,1,0,False,False,False,False,True,False,False,False,False,False,True,True,False,False,False,False,False,False,True,False,False,False,False,False,False,False,False,False,False,False,False,True,False,False,False,False,False,False,False,False,False,False,False,False,False,False,False,False,False
0.7934417149334283,0.4834727770970135,-0.3978787630087615,-0.2430148108769126,-0.6493761293094632,-0.6007737058029055,-0.1763088111823196,-0.3152644161076689,-0.3118371666802689,0,0,False,False,False,False,True,False,False,False,False,False,False,False,False,False,False,False,False,False,False,False,False,False,False,False,False,False,False,False,False,False,False,False,False,False,False,False,False,True,False,False,False,False,False,False,False,False,False,False,False
-0.6994984116005257,-0.4580672247365286,-0.3978787630087615,-0.2430148108769126,1.0687979215315542,0.1864042023022848,-0.293697274780779,-0.2770769816169635,-0.3118371666802689,0,0,False,False,False,False,False,False,False,False,True,False,True,True,False,False,False,False,False,False,True,False,False,False,False,False,False,False,False,False,False,False,False,False,False,False,False,False,False,False,False,False,False,False,False,False,False,False,False,False,False
-0.6994984116005257,-0.4580672247365286,-0.3978787630087615,-0.2430148108769126,-0.6270621805972422,-0.5730001172606639,0.1848865131070393,-0.3152644161076689,-0.3118371666802689,0,1,False,False,False,False,False,False,True,False,False,False,True,True,False,False,False,False,False,False,True,False,False,False,False,False,False,False,False,False,False,False,False,False,False,False,True,False,False,False,False,False,False,False,False,False,False,False,False,False,False
-0.6994984116005257,-0.4580672247365286,-0.3978787630087615,-0.2430148108769126,-0.4931784883239161,-0.5688903183157693,-0.3569064624911395,-0.3152644161076689,-0.3118371666802689,0,0,False,False,False,False,False,True,False,False,False,False,True,True,False,False,False,False,False,False,True,False,False,False,False,False,False,False,False,False,False,False,True,False,False,False,False,False,False,False,False,False,False,False,False,False,False,False,False,False,False
-0.4009103862937349,0.2383381020634285,-0.3978787630087615,-0.2430148108769126,-0.180783206352822,-0.2751045865896894,-0.2052044293236495,-0.3152644161076689,-0.3118371666802689,0,1,False,False,False,False,False,False,True,False,False,False,True,False,True,False,False,False,False,False,True,False,False,False,False,False,False,False,False,False,False,False,False,False,False,False,False,False,False,False,False,False,False,False,False,False,False,False,False,False,False
-0.6994984116005257,-0.4580672247365286,-0.3978787630087615,-0.2430148108769126,-0.2923529499139271,-0.2703026110006103,-0.6705760753802497,-0.3152644161076689,-0.3118371666802689,1,1,True,False,False,False,False,False,False,False,False,False,True,False,False,False,False,False,False,False,False,False,False,False,False,False,False,False,False,False,False,False,True,False,False,False,False,False,False,False,False,False,False,False,False,False,False,False,False,False,False
-0.6994984116005257,-0.4580672247365286,-0.3978787630087615,-0.2430148108769126,-0.4931784883239161,-0.2940312921599717,-0.6579025624536522,0.6844889308143761,-0.3118371666802689,0,1,False,False,False,False,False,False,True,False,False,False,True,True,False,False,False,False,False,False,True,False,False,False,False,False,False,False,False,False,False,False,True,False,False,False,False,False,False,False,False,False,False,False,False,False,False,False,False,False,False
-0.6994984116005257,-0.4580672247365286,-0.3978787630087615,-0.2430148108769126,-0.6940040267339052,-0.6267303306087386,3.435644366696113,-0.3152644161076689,3.6891852977956128,0,0,False,False,False,False,False,True,False,False,False,False,True,True,False,False,False,False,False,False,True,False,False,False,False,False,False,False,False,False,False,False,False,False,False,False,False,False,False,False,False,True,False,False,False,False,False,False,False,False,False
1.6892057908538007,0.654092082163003,1.1613780068156605,-0.1734839152920021,1.0911118702437752,1.5913192926539403,-0.4950105538853475,-0.3152644161076689,-0.3118371666802689,0,1,False,False,False,False,False,False,True,False,False,False,True,True,False,False,False,False,False,False,True,False,False,False,False,False,False,False,False,False,False,False,True,False,False,False,False,False,False,False,False,False,False,False,False,False,False,False,False,False,False
-0.6994984116005257,-0.4580672247365286,-0.3978787630087615,-0.2430148108769126,-0.6716900780216841,-0.6267303306087386,3.435644366696113,-0.3152644161076689,-0.3118371666802689,1,1,True,False,False,False,False,False,False,False,False,False,True,False,True,False,False,False,False,False,True,False,False,False,False,False,False,False,False,False,False,False,False,False,False,False,True,False,False,False,False,False,False,False,False,False,False,False,False,False,False
-0.6994984116005257,-0.4580672247365286,-0.3978787630087615,-0.2430148108769126,0.1092981269060509,1.6259759187964191,-0.1177365911611946,0.4092175339286755,-0.3118371666802689,0,0,False,False,False,False,False,False,False,False,True,False,True,True,False,False,False,False,False,False,True,False,False,False,False,False,False,False,False,False,False,False,False,False,False,False,False,False,False,False,False,False,False,False,False,False,False,False,False,False,False
-0.6994984116005257,-0.4580672247365286,-0.3978787630087615,-0.2430148108769126,0.1316120756182719,-0.141341446739658,-0.7303226641835623,-0.3152644161076689,-0.3118371666802689,0,1,False,False,False,False,False,False,True,False,False,False,False,True,False,False,False,False,False,False,True,False,False,False,False,False,False,False,False,False,False,False,False,False,False,False,False,False,False,False,False,True,False,False,False,False,False,False,False,False,False
1.6892057908538007,0.8613887342547488,-0.3978787630087615,-0.2430148108769126,-0.2700390012017061,-0.4131649898394208,-0.5340641618392916,0.6069272675385693,-0.3118371666802689,1,0,False,False,False,False,False,True,False,False,False,False,True,False,True,False,False,False,False,False,True,False,False,False,False,False,False,False,False,False,False,False,False,True,False,False,False,False,False,False,False,False,False,False,False,False,False,False,False,False,False
-0.6994984116005257,-0.4580672247365286,-0.3978787630087615,-0.2430148108769126,-0.4485505908994741,-0.4627987945904658,-0.3569064624911395,-0.3152644161076689,-0.3118371666802689,1,1,False,False,False,False,False,False,True,False,False,False,True,False,False,False,False,False,False,False,False,False,False,False,False,False,False,False,False,False,False,False,True,False,False,False,False,False,False,False,False,False,False,False,False,False,False,False,False,False,False
0.7934417149334283,0.5130003629533317,-0.3978787630087615,-0.2430148108769126,0.153926024330493,-0.2141689276259659,0.3263740366187008,-0.3152644161076689,-0.3118371666802689,0,0,False,False,False,False,False,False,False,False,True,False,True,False,False,False,False,False,False,False,True,False,False,False,False,False,False,False,False,False,False,False,False,False,False,False,False,False,False,False,False,False,False,False,False,False,False,False,False,False,False
1.39061776554701,0.6790233928624414,-0.3978787630087615,-0.2430148108769126,-0.6047482318850211,-0.559917978358524,-0.627802950290229,-0.3152644161076689,-0.3118371666802689,0,0,False,False,False,False,False,False,False,False,True,False,False,True,False,False,False,False,False,False,False,False,False,False,False,True,False,False,False,False,False,False,True,False,False,False,False,False,False,False,False,False,False,False,False,False,False,False,False,False,False
-0.6994984116005257,-0.4580672247365286,-0.3978787630087615,-0.2430148108769126,0.577891049862692,1.0346840057195388,-0.3008589110494259,-0.3152644161076689,-0.3118371666802689,0,0,False,False,False,False,True,False,False,False,False,False,True,True,False,False,False,False,False,False,True,False,False,False,False,False,False,False,False,False,False,False,False,False,False,False,False,False,False,False,False,False,False,False,False,False,False,False,False,False,False
0.1962656643198467,-0.4051404198997319,-0.3978787630087615,-0.2430148108769126,-0.158469257640601,-0.3521265445622563,-0.0929560423715661,-0.1404509002304685,-0.3118371666802689,0,0,False,False,False,True,False,False,False,False,False,False,True,True,False,False,False,False,False,False,True,False,False,False,False,False,False,False,False,False,False,False,False,True,False,False,False,False,False,False,False,False,False,False,False,False,False,False,False,False,False
-0.6994984116005257,-0.4580672247365286,-0.3978787630087615,-0.2430148108769126,0.287809716603819,0.5918466817693993,-0.5539220880112301,-0.3152644161076689,-0.3118371666802689,0,1,False,False,False,False,False,False,True,False,False,False,True,True,False,False,False,False,False,False,False,False,True,False,False,False,False,False,False,False,False,False,False,False,False,False,False,False,False,False,False,False,False,False,False,False,False,False,False,False,False
-0.6994984116005257,-0.4580672247365286,-0.3978787630087615,-0.2430148108769126,-0.203097155065043,-0.0377745137643836,1.3273629985335456,-0.3152644161076689,3.6891852977956128,0,0,False,False,False,False,False,True,False,False,False,False,True,True,False,False,False,False,False,False,False,False,False,True,False,False,False,False,False,False,False,False,False,False,False,False,False,False,False,False,False,True,False,False,False,False,False,False,False,False,False
-0.6994984116005257,-0.4580672247365286,-0.3978787630087615,-0.2430148108769126,-0.6940040267339052,-0.6267303306087386,3.435644366696113,-0.3152644161076689,-0.3118371666802689,0,1,True,False,False,False,False,False,False,False,False,True,False,False,True,False,False,False,False,False,True,False,False,False,False,False,False,False,False,False,False,False,False,False,False,False,False,False,False,False,False,False,False,False,False,False,False,False,False,False,False
-0.4009103862937349,-0.4134972838213313,-0.3978787630087615,-0.2430148108769126,-0.4708645396116951,-0.2628184508309573,-0.5375041137999595,-0.3152644161076689,-0.3118371666802689,0,0,False,False,False,False,False,False,False,False,False,False,True,True,False,False,False,False,False,False,True,False,False,False,False,False,False,False,False,False,False,False,True,False,False,False,False,False,False,False,False,False,False,False,False,False,False,False,False,False,False
-0.6994984116005257,-0.4580672247365286,-0.3978787630087615,-0.2430148108769126,-0.4931784883239161,-0.4268643196038231,-0.4171056868179859,-0.3152644161076689,-0.3118371666802689,1,1,True,False,False,False,False,False,False,False,False,False,False,True,False,False,False,False,False,False,True,False,False,False,False,False,False,False,False,False,False,False,True,False,False,False,False,False,False,False,False,False,False,False,False,False,False,False,False,False,False
-0.6994984116005257,-0.4580672247365286,-0.3978787630087615,-0.2430148108769126,-0.2923529499139271,-0.17698854482364,-0.3569064624911395,0.4583358176661927,-0.3118371666802689,1,1,True,False,False,False,False,False,False,False,False,False,True,True,False,False,False,False,False,False,False,False,True,False,False,False,False,False,False,False,False,False,True,False,False,False,False,False,False,False,False,False,False,False,False,False,False,False,False,False,False
-0.6994984116005257,-0.4580672247365286,-0.3978787630087615,-0.2430148108769126,-0.6716900780216841,-0.6210198731514553,1.268472464303397,-0.3152644161076689,-0.3118371666802689,0,1,True,False,False,False,False,False,False,False,False,False,True,True,False,False,False,False,False,False,True,False,False,False,False,False,False,False,False,False,False,False,False,False,False,False,False,False,False,False,False,False,False,True,False,False,False,False,False,False,False
0.1962656643198467,-0.1159929282123896,0.3817496219034494,-0.2430148108769126,-0.2923529499139271,-0.4286293700906197,0.332648237665037,0.1264624134782487,-0.3118371666802689,0,0,False,False,False,False,False,False,False,False,False,False,True,False,False,False,False,False,False,False,False,False,False,False,False,False,False,False,False,False,False,False,False,False,False,False,False,False,False,False,False,False,False,False,False,False,False,False,False,False,False
-0.6994984116005257,-0.4580672247365286,-0.3978787630087615,-0.2430148108769126,-0.4931784883239161,-0.3959759360848816,-0.4652650576107753,0.4238695722165318,-0.3118371666802689,0,1,False,False,False,False,False,False,True,False,False,False,True,True,False,False,False,False,False,False,True,False,False,False,False,False,False,False,False,False,False,False,False,False,False,False,False,False,False,False,False,False,False,False,False,False,False,False,False,False,False
